0.13261564327561465
0.7769409893548994
0.917619164110421
0.7633679076682114
0.31096241050984996
0.2790163869839398
0.8681914218162733
0.6071073259340956
0.3658347743750346
0.1147863477317615
0.3166379901709105
0.23806664212761652
0.24730998094823994
0.48631256867026745
0.4235469283052691
0.8406292043900637
0.31838455956750417
1.4714708106391385
0.35156869072424546
0.42136660456668434
0.8608815967916095
0.005291325806658078
0.8881438692196804
0.2313878317806076
0.03427223707669271
0.6441884424354652
0.9983175466912253
0.2620014783586781
0.06027744826704199
1.2674703552943876
0.410094565411165
0.4910065253972497
2.270175754123453
0.5154907450254311
0.10769425430106361
0.307583234076094
0.2530942486161457
0.6123196207504841
0.14917015222871305
1.7675163290052702
0.361530475224165
0.48279684691894376
0.3583587107871347
0.7696488923128174
0.21885638243105124
0.691472809874727
0.006494096580324106
1.1647256509795556
0.5361495644696949
0.7131301501583627
0.029788485680956347
0.06380988715886944
2.4824673413349405
1.0642905609070001
1.3569383642088348
3.719165948817356
0.8088757484305172
0.1359761215807653
0.2390408784947539
0.14151523480013511
0.10170890800943928
1.1181880657665735
0.49228716124088717
1.0652554214663148
0.4571179354222917
0.07853122026752912
0.44513291492474155
0.2089790680700517
0.053432470539331055
0.3010616133445852
0.5834308319902839
0.05003262718644776
0.3849233461849252
0.6599255446752442
0.773233518205101
0.19031324518364864
0.8310973191768971
1.2787808308183994
0.13389864467745888
1.7642970533966995
0.05604496947809302
0.30869429363744666
0.2290720900365498
0.1234436441169533
0.6071380938385343
0.9181566793169921
0.30013881855925106
0.14374230527337534
0.5922357877558942
0.5582339380831483
0.5623531902487741
0.27842965107923817
1.0886552594911374
0.46720971209887113
0.2495904517562605
0.10453709895723445
1.0861585531688593
0.5088401246989492
0.6944061273558326
0.20582751192053972
0.3056607198854775
0.44969144597354327
0.3574546866683276
0.12074147542890926
0.5389963127023657
0.3850908156294339
0.03177297776031651
0.9518938508923909
0.6442000783674793
0.18518812628196452
0.9026478184082054
0.21268524478565845
0.2802805173769613
0.016796740180649677
0.30739315431526393
0.5573774048281115
0.7255367635847846
0.8497980103267992
0.021233187031632364
1.4581909258236672
0.21040645449467804
0.15984877971870962
1.2445978379408382
0.008631240222106491
0.22682467974363824
0.0440574793447605
0.4126937085825819
2.1456659279897776
0.15975716707224588
0.06465517188254093
0.8795152971614237
0.11278122147472247
0.37830561602314977
1.4197226224186412
0.4929393826669218
0.2655744567707315
0.13205637194009387
0.7420388241205665
0.7535428639801602
2.4518965138427276
0.40750635402453117
0.2836622528842825
0.18788995685345844
0.8267352494490151
0.6940701484144416
0.2537877125781694
0.08831916854622598
0.038538204241119034
0.9909074336861419
0.5304216924510301
0.053919399814571375
0.16607959900053826
1.4377966021451543
0.40122462329107234
0.1278727685760693
0.25141173787226495
0.2895209351910433
0.8489479324081882
1.009748530233386
0.32326874947486506
0.10343112600123941
1.3838190859456205
0.11424931321082929
0.2282198209597034
0.19525576461830776
1.469420775338802
1.879736816468246
0.026245375133860018
1.4445642873144162
0.9367350291226464
0.5440072717580643
1.3240524958126658
0.4561720752921796
0.157544085371885
0.138390692599856
0.13720653176066294
1.1649081578193803
1.1610888205056624
1.6418627370004537
0.8853220831848421
0.19454587173044322
0.08799502419575995
0.0835683027372162
0.5090623538296675
1.0740985957628715
1.5492676350638948
0.12791098516295835
0.16952999780358738
0.11871810068891309
0.06189813640641193
0.1695179453582253
0.17224348287466884
0.22794572928926277
0.754042199645894
0.34710161966937003
0.5525266151448561
0.623944890249406
0.6376090276001982
0.5641078105324355
0.5137714618500405
0.026164436108630253
0.810047580675137
0.5603950945520382
0.29230750048850873
0.027907666943988045
0.153912487489614
0.13078738812596286
0.3269475039550936
0.020208052988031536
1.1488011166920042
0.38604285824375334
0.7574681153350491
0.4835097105291242
0.25904659422031534
2.238236884594123
0.6498622722623479
0.259681932287932
0.5269947412857284
0.40700031268162673
1.5653457324940536
1.1985153898985148
1.206433591425412
0.13679938858677013
0.3927313082961514
0.5018591006955836
1.0942704131759025
0.1436823832680042
0.1867015537115366
0.4435218882126001
0.594886270705868
0.025129175437422067
1.0148549757722112
0.14502986903040155
0.516728377174159
1.3782881514856928
0.020901942456356112
0.9581845451983905
0.38313677678694785
0.23967296819893688
0.28446418183775163
0.07706992726353418
0.585317865925789
0.9623035035929999
0.17142518615837166
0.2873080596479586
1.4857545265141672
0.007270566962923833
0.6177313307795204
1.0279245517638518
0.715882942651188
0.2608120380086316
0.2919806298945829
0.7045732042587182
0.21471386925353483
0.05999849905803705
1.4231719776470104
0.03188739046199403
0.4589960425511121
0.2065010433925344
1.2819678921020288
0.10906661491002353
1.3190055974119397
0.6656504312163141
0.06493655835727143
0.4416632120853319
0.47878569180667596
0.14898399901907924
0.24011394556382987
1.1862555521645095
0.3489603668289716
0.2124585453399822
0.15379009349994316
1.177062785243954
0.013435022572986743
0.275731675506956
0.38478985479994304
2.319723289983038
1.2956778354377108
0.3293101396612715
0.05613278904467686
0.18305097448494823
0.0012402692999124055
0.37763467749736324
0.09679163005411615
0.39847474677239425
0.19441344169788452
0.4816256309861331
0.1819186273244655
0.8058348154893941
0.2186872530338361
0.5558962179386376
0.0022005782250523443
0.5753797991154859
0.5520229713681619
0.22580724973004698
0.22571677010206634
1.0310850815892143
0.3358828373954963
0.0589710030079835
0.778555912088761
0.1011099610970878
1.2157387797519337
0.5604552326476956
1.8044192469370635
0.0919231032462054
0.4474415977335755
1.3739221926637564
0.4006667461427423
1.1697251771379562
0.10583842031922523
1.0934418645616788
0.03434070515575291
0.55797683250493
0.3277341226997864
1.9796953321333448
0.5517889628087329
1.1492139295495374
0.42628089231004423
0.10882747720278958
0.2861595153536033
0.10817868853338927
0.16846184669033173
0.14228352832630098
0.12023568131107595
0.3798211742966468
0.11203122505690212
0.1601412894419579
0.067767991826172
0.2711234508868366
0.0018662132122232791
0.2589551372422004
0.15111960379162132
0.10110168579003388
0.2142555914426962
0.19501038424291953
0.0394703436628262
0.5226551417583717
0.14960743050527014
1.068157090774889
0.850675586624941
0.46787779528425727
0.2637151407351193
1.1900251875817287
0.7745573082250237
0.02007829573271892
0.6246250635551777
0.8665009226352458
0.1007449189043613
0.3071383932675419
0.40815116685719177
0.2995180828179806
1.2136126763261623
0.003262199118808933
1.0703971001012558
0.012293110864090281
0.4914809002738254
0.2361617506834152
0.10424278611091317
0.18697626710384477
0.3017958492555608
0.9355560452405335
0.28052661740984447
0.7267742570651538
0.49847000214048837
0.3866887819207636
0.2719125360956298
0.202040593047234
0.10972734575391163
0.04532999134682468
0.4305472658950955
0.19982593429026738
2.04979708364355
0.2959332806771271
2.2502755356655886
0.0016562778842540331
0.690678781913511
2.0712888164770127
0.01952719050011498
0.1459994912190222
0.35748142855731074
2.0072187832608908
0.31964519111114975
0.02090057952066339
0.45711611697816473
0.4973827333373417
0.05174756033711457
0.04856517300264006
0.060261578813225525
0.010197606922795222
0.4784429929158172
0.8647571431867656
0.47779421306313036
0.06088721424660505
0.21607615783999248
0.2830454609090831
0.7018011094093316
0.09364253846335774
0.6863023150870997
0.5986795894225712
0.06326436025523821
0.009018015663016974
1.6558082922995052
0.07450581766913415
0.179493889781488
1.0669389547684451
0.42800520668374886
0.21538532439430166
0.30054134738453697
0.6015401386895238
0.08977395943786791
1.0664041998578897
1.828815652973281
0.2817624171451833
0.3034277333908568
1.6110650808627476
0.5131776711408303
0.36339404929152874
0.3349970746631286
0.0968357060792299
0.0778943057453824
0.21597993900357457
1.0881894831461272
1.2994455867687211
1.6497939383794757
1.1421624630027176
1.001179261414225
0.08160925156081733
0.2679790943177167
0.2857142066604172
1.9511517810326908
0.04616041603990348
0.35932387074526867
0.7318359469829777
0.7939197319341982
0.033023956216366314
0.6445652702017782
0.5070614037864016
0.3701264275816703
1.4251574938710898
0.4242439322782141
0.5435499373300428
0.22886262878869887
0.4410565583834573
0.2900944736162046
0.19007499896692778
1.7320963811936612
1.0784927487514049
0.5262130797933774
0.15940108236049683
0.5193016332324621
0.44739294893343756
0.5387453692843372
0.05000644119346058
0.1927470874399418
0.9889734566172533
1.4252118419765678
0.021815259959702387
0.20831559723570883
0.058080306199335664
0.4853310096356413
0.006384643852437489
0.6002988785985736
0.9070856540249861
0.5234036329989555
0.21151622463870798
0.44538207435453614
1.0340741662572506
0.9806787908736273
0.5556654799226605
0.031378570675854506
1.709612109090715
0.02511952888843699
1.19209911012138
0.0021963317113902407
1.126728415851932
0.6744050352192452
0.3168855053466447
0.37224948829327403
0.510785108968133
1.2866317122689737
1.5195330536340048
0.6711067805660165
0.06622409217161969
0.8443080527552874
0.7535092704013541
1.4288354990489793
0.33018235219202097
0.019503531660542715
0.4208755788352626
0.22285496263198723
0.03766740809715633
2.050394760657306
0.07379124884645295
0.44697157101654883
0.0953616235267511
0.19090925850341828
0.036887184941300825
0.41599098595834794
0.4969601349281522
0.9190149297263949
0.41870226459384796
0.2646001615933893
0.6133252424117962
1.3777033280160882
0.22364936612300126
0.6141172066594826
0.0523083825689548
0.5756890367116883
0.14055483814995032
2.187721802214613
0.18359408803481947
0.19046974578598902
0.342468249257201
0.17694645634279374
0.42934425433892287
2.04454075479635
0.34365431906012767
0.09127262936919898
0.724011270670986
0.33731089314868024
0.02191428767391982
0.5235828879275534
0.9958803507020056
0.15590944028211703
0.3324575611686608
0.21295180857662432
0.8410867069748412
0.6443615229772169
1.0854571465225575
0.7319748781149676
0.6444765937757322
0.5457787394931913
0.4311361690302205
1.1603968648684784
1.2882308076298736
0.7812598792423531
1.1700642262830756
0.2810770128594773
0.6836792803262556
0.1813024821095128
0.44718863611263737
1.3965247519976052
0.04382065335636803
0.4478762387134813
0.5009220749284865
0.8659667559665921
0.1218370788012587
0.4495314881968029
0.3297568298513078
0.40716478719372245
1.3437026312566953
1.354746527906582
1.3818773647650382
0.561078857347516
0.2104291716405182
0.3571427840372454
0.2409279165898313
0.06457868562180372
0.5427682915219344
0.9652335828967735
0.23319931272817576
0.17611639207626434
0.6938701381600098
0.710653081905264
0.12113359043573647
0.0032748000193406354
0.0898724108790053
0.24943172013225415
1.0035493164724192
0.8939306141551981
1.2311381702994257
0.24579058431906906
0.4660588765266701
0.505908007472983
0.016870056162148823
0.23940124646631442
0.4303154850913966
0.2961949473988045
0.21039692560846726
0.67272765537684
0.8482192708522305
0.7786638815311724
0.9600095833246632
0.19812930275882518
0.30578512657293727
0.42972655143411287
0.35314682040152195
0.20860193112444853
0.613513675811171
0.012271066229282456
0.27083842261078134
0.09190686186551862
0.04505466917858294
0.1931766904417891
0.7813872776549099
0.16259118428690852
0.12335936736634925
1.5282236650617775
0.1626649496835358
1.3810839371595518
0.205202586589923
0.1897455609136882
0.5318929543048312
0.14266056020781215
0.8941476393795851
0.6651541589237804
0.23401081324941328
0.6268944042842841
1.1028835252866587
0.18661136977582998
0.008962966155573229
0.30928324388534373
0.24002483086084478
0.2847194967743717
0.09199215759721178
0.10383121875506486
0.39680508340450527
0.06923377618806169
0.6940342694412057
1.2675469935250503
1.2126362044165275
0.2189412007450077
2.9669690416686203
0.15572504017525257
0.1692504353240696
0.04815993394221577
0.8793055000705728
0.033724209467757074
1.1511258972870466
0.1615325013756984
0.06166716086314841
0.9911583375491171
0.33706451372543755
0.9294587911291543
0.08069423886364226
0.6726011662904744
0.4326701251992394
0.6235305427191958
0.8530373708422169
0.5708111194642606
0.14008436081227157
0.10796814214188251
0.028648501649753556
1.799066146611074
0.8767171120763346
0.23312171327521222
0.012316710975754066
0.051863730978105725
0.1813557234873797
0.18599655385291589
0.017535635829401475
0.12243409443860376
1.304311701699843
0.13878699650138732
0.002040566918231121
0.6596226919357285
0.447061841832577
0.07204556041186616
0.327528958876042
0.815004616346623
0.18278366347386293
0.38081862750097234
0.0882925621771308
0.009280214936383733
1.2661823351600445
0.2006619771732766
0.4764807237181412
0.47351510770855115
1.6657752670344128
0.14407303011484346
0.3374536275152514
0.6922851028519353
0.45695028827748824
0.8591839626493721
0.12511848716947577
1.1468487419437912
1.2937694717236723
0.04808784987192083
1.3265533613262865
0.49300586133865604
0.035494695885003924
0.3829022884288445
0.1965315591764885
0.5203405369458934
0.3888561740451683
0.37382418804545486
0.36291760885868285
0.3585331446282323
1.1171596020050911
0.3901184047309099
0.6820310264786459
0.9979881140212139
0.4455325462400328
1.10611821096932
2.0855165389932298
0.6836001742646456
0.2626775859319882
0.5207935034707497
0.019874996231579598
0.21804532683503391
0.18839946874446142
0.092569434105951
0.25570821774898583
1.204266528247956
0.4133275583269409
0.15614698130012505
0.23511612550295768
0.4364892281521388
0.7529696824406397
0.0823331540459651
0.3366218149686429
0.5194464803619322
0.6868533422712226
1.6766280181736373
0.38274608241727387
0.05431282809351021
0.03852467781224674
0.03349359749319628
0.37705524141943003
0.7054115762606885
0.1431206124242046
0.2905680807306966
1.1582775215189853
0.6244813336273349
0.0380919464105124
0.5220660662941452
0.030444043693705004
0.06012931348793464
0.6657398882686381
1.0339473105118038
0.6594083096821701
0.49774985967025354
0.44792069593326556
0.28827068621785984
0.1335033679907677
0.4190728231076981
0.30285620200267865
0.10148754361639101
0.02839745867026152
2.9328401541552767
0.8782158696046777
0.2261921801335591
0.14681782787886502
0.5085245340593361
2.0410645146097086
0.5087039509663542
0.5370971041173667
0.11220260029704575
0.48037780873906655
0.4342679624493767
0.8622640567530623
2.3245925805257888
0.10808927295680465
0.5328955438830782
0.024146241634919744
0.5477049859043247
0.3728110295530206
0.797726492842865
0.2721331280399369
1.3555269634255431
0.4634987776596284
0.09393838743818009
0.39020863572283204
0.13120750840851517
0.8265526577924013
0.960136046463518
0.7816285372613182
0.1438080619126919
0.5588708953661258
0.3938008902417957
1.6350888721976506
0.049720254456526745
0.5558601323888851
0.014924647426688196
2.045195447343029
0.860130152311043
0.4312875757466701
0.46908244518340914
0.4924645583672721
0.09133739378538712
0.00765932037908463
0.3903532683821912
0.23636871298407416
0.13317615308362776
0.14602752063811614
0.11682729111361949
1.7410782165532648
1.2228546679467243
0.7539092947771366
0.3423944349985417
0.17565680184534443
0.24803097736498375
1.1651172347522984
0.19212486670225865
0.28282723686157557
0.4796606393633796
0.5875097041047452
0.08564965375370953
0.38647455203704706
0.7651475707014479
0.8926285604845974
1.4499691919429165
0.1856064393864809
0.5320043810239363
0.37493938940354504
0.6391546939469844
0.21130357319736984
0.018149087041307306
0.4620982293273474
0.05486918668552046
0.5061018344054359
0.38948693504382914
0.27349625840927666
0.22050308527342793
0.4755158383289675
0.06449231990296161
0.284563094997321
0.2020194534275405
0.6954628781412886
0.050719848619853444
0.323038675479707
1.229443442671037
0.9125608176701224
0.038590642007856085
0.11322339011825461
0.6363524828038952
0.013474739291481705
0.4659014547309675
0.1062841591450791
0.16310301865097482
1.3504175031238885
0.5008159858202442
0.3856194728584458
0.56089625586224
0.9430876059720988
0.12175778501003753
0.7566335800326559
0.24614236391790673
1.9242864563369657
0.9299862533226682
0.05795817517869725
0.07243522022442055
0.1647969798147955
0.34497903288569903
2.5459287786573888
0.3213621956458376
0.15693338506541904
0.08774301098026285
0.40473056029296994
0.609818206507292
0.07204137056625126
0.3501125660721214
0.7799324074493654
0.3857631084471477
0.3410145866385597
0.16443738549964196
0.3682361158323771
0.07985583165202778
0.45949509565868724
1.003488712470236
0.0023507329099224906
0.0015789597960655375
0.45804755533347896
1.416848488376091
0.5612678064593032
0.15422726640665801
0.4862594430211435
0.10729567993399919
0.3129637973629251
0.5638972276633257
0.24694150411218288
0.15334654578844242
0.10908990709113696
0.4553949741950973
0.41846715125583145
0.48446176473974056
0.2278736813037298
0.24597085299560523
0.8006121465877001
1.4073764689943582
0.07721340475243889
0.1727773301458857
0.1371180023554966
0.5264323510370162
0.18874461717850136
0.2657774531240885
0.035308216102857025
0.28019105478227224
0.15188117603665052
2.038007758101384
2.727836982689661
1.3280514747481558
0.1655823424004736
0.1303015228383888
0.08962496371071225
0.25564428170884057
1.1611412529968839
0.9796289597883444
1.039910459292644
0.9147019344257167
0.8485530397109604
0.022993515961716813
0.26450090409014887
0.35179623609153915
0.07758162509329355
0.21177768178305048
0.06429572344707918
0.297230805216349
0.2500697338477969
0.06424958490544376
0.035447557232567324
0.26380473623832595
0.504810137683533
0.933327675199203
0.8664752935166975
0.5973147640625084
0.3858660353034567
0.6376157256721191
0.003133787897956152
0.29117587368222203
0.44718587254641873
0.7651977126938506
0.8625824987181471
1.0126291900044695
0.7632075998838683
1.0899471006194033
0.8895217295950095
0.23042469446390118
0.7040855374420008
0.3547113978544528
0.24559139121094437
1.156640073390132
0.2840289188464245
0.06172767576712883
1.2353083215980765
1.0550085965658778
0.026656382221468346
0.3617976533496086
0.013734800338786433
0.12070514079816186
0.12470860888452402
1.218632282197469
0.010380512692913466
0.3393382059436936
0.8940574810446285
0.44013716113681406
0.1558119239699139
0.4530528718596138
0.054988514143436903
2.398552432978398
1.3930148277169194
0.5227744438760367
1.0672107505923203
0.27728635068309276
0.5637105804504542
0.12186719797951606
0.760998223048201
0.012894630041901684
0.2674777532148237
0.3730834831158256
0.11374938751192575
0.739647859139484
0.2686318202005967
0.22114188810058127
0.8129139163693292
0.8143299187144857
0.1608120227227906
0.24799133308128865
0.857897337017004
0.5875573437295692
0.3885877384635222
0.3874912191604623
0.1418567507724075
0.6613827455283333
0.3303439288272881
0.11328198244784161
3.1228848308717825
0.055376119810743495
0.10496711115109829
0.8724873399762314
0.2399861328028448
0.5780362682721373
0.3057887748997725
1.1805146601641057
0.7310353156255007
0.6022583442074159
0.43701995208734085
0.6531350414156004
0.3784453148807857
1.5329765089412954
0.04906810955878308
0.17176277358708064
0.33125737262047056
1.0826829919940568
0.07268543724948963
0.12562993108038073
0.9409231044004908
0.8333991472638844
2.5942209214056975
0.24323838426520578
