0.06630782163780732
0.3884704946774497
0.4588095820552105
0.3816839538341057
0.15548120525492498
0.1395081934919699
0.43409571090813664
0.3035536629670478
0.1829173871875173
0.05739317386588075
0.15831899508545524
0.11903332106380826
0.12365499047411997
0.24315628433513373
0.21177346415263454
0.42031460219503186
0.15919227978375208
0.7357354053195693
0.17578434536212273
0.21068330228334217
0.43044079839580474
0.002645662903329039
0.4440719346098402
0.1156939158903038
0.017136118538346356
0.3220942212177326
0.49915877334561265
0.13100073917933905
0.030138724133520995
0.6337351776471938
0.2050472827055825
0.24550326269862485
1.1350878770617265
0.25774537251271556
0.053847127150531804
0.153791617038047
0.12654712430807286
0.30615981037524204
0.07458507611435652
0.8837581645026351
0.1807652376120825
0.24139842345947188
0.17917935539356736
0.3848244461564087
0.10942819121552562
0.3457364049373635
0.003247048290162053
0.5823628254897778
0.26807478223484743
0.35656507507918134
0.014894242840478173
0.03190494357943472
1.2412336706674703
0.5321452804535001
0.6784691821044174
1.859582974408678
0.4044378742152586
0.06798806079038265
0.11952043924737694
0.07075761740006756
0.05085445400471964
0.5590940328832867
0.24614358062044359
0.5326277107331574
0.22855896771114584
0.03926561013376456
0.22256645746237078
0.10448953403502585
0.026716235269665527
0.1505308066722926
0.29171541599514195
0.02501631359322388
0.1924616730924626
0.3299627723376221
0.3866167591025505
0.09515662259182432
0.41554865958844855
0.6393904154091997
0.06694932233872944
0.8821485266983498
0.02802248473904651
0.15434714681872333
0.1145360450182749
0.06172182205847665
0.30356904691926717
0.45907833965849604
0.15006940927962553
0.07187115263668767
0.2961178938779471
0.2791169690415741
0.28117659512438703
0.13921482553961909
0.5443276297455687
0.23360485604943557
0.12479522587813024
0.05226854947861723
0.5430792765844297
0.2544200623494746
0.3472030636779163
0.10291375596026986
0.15283035994273875
0.22484572298677163
0.1787273433341638
0.06037073771445463
0.26949815635118285
0.19254540781471696
0.015886488880158256
0.47594692544619543
0.32210003918373964
0.09259406314098226
0.4513239092041027
0.10634262239282923
0.14014025868848065
0.008398370090324838
0.15369657715763196
0.27868870241405574
0.3627683817923923
0.4248990051633996
0.010616593515816182
0.7290954629118336
0.10520322724733902
0.07992438985935481
0.6222989189704191
0.004315620111053246
0.11341233987181912
0.02202873967238025
0.20634685429129096
1.0728329639948888
0.07987858353612294
0.03232758594127046
0.43975764858071187
0.056390610737361235
0.18915280801157489
0.7098613112093206
0.2464696913334609
0.13278722838536575
0.06602818597004693
0.37101941206028327
0.3767714319900801
1.2259482569213638
0.20375317701226558
0.14183112644214124
0.09394497842672922
0.41336762472450755
0.3470350742072208
0.1268938562890847
0.04415958427311299
0.019269102120559517
0.49545371684307093
0.26521084622551505
0.026959699907285688
0.08303979950026913
0.7188983010725771
0.20061231164553617
0.06393638428803465
0.12570586893613248
0.14476046759552166
0.4244739662040941
0.504874265116693
0.16163437473743253
0.051715563000619705
0.6919095429728103
0.057124656605414645
0.1141099104798517
0.09762788230915388
0.734710387669401
0.939868408234123
0.013122687566930009
0.7222821436572081
0.4683675145613232
0.27200363587903215
0.6620262479063329
0.2280860376460898
0.0787720426859425
0.069195346299928
0.06860326588033147
0.5824540789096901
0.5805444102528312
0.8209313685002269
0.44266104159242103
0.09727293586522161
0.04399751209787998
0.0417841513686081
0.25453117691483373
0.5370492978814357
0.7746338175319474
0.06395549258147917
0.08476499890179369
0.05935905034445654
0.030949068203205966
0.08475897267911266
0.08612174143733442
0.11397286464463138
0.377021099822947
0.17355080983468502
0.27626330757242806
0.311972445124703
0.3188045138000991
0.28205390526621776
0.25688573092502026
0.013082218054315127
0.4050237903375685
0.2801975472760191
0.14615375024425437
0.013953833471994023
0.076956243744807
0.06539369406298143
0.1634737519775468
0.010104026494015768
0.5744005583460021
0.19302142912187667
0.37873405766752455
0.2417548552645621
0.12952329711015767
1.1191184422970615
0.32493113613117397
0.129840966143966
0.2634973706428642
0.20350015634081337
0.7826728662470268
0.5992576949492574
0.603216795712706
0.06839969429338506
0.1963656541480757
0.2509295503477918
0.5471352065879512
0.0718411916340021
0.0933507768557683
0.22176094410630004
0.297443135352934
0.012564587718711034
0.5074274878861056
0.07251493451520077
0.2583641885870795
0.6891440757428464
0.010450971228178056
0.47909227259919523
0.19156838839347393
0.11983648409946844
0.14223209091887581
0.03853496363176709
0.2926589329628945
0.48115175179649994
0.08571259307918583
0.1436540298239793
0.7428772632570836
0.0036352834814619163
0.3088656653897602
0.5139622758819259
0.357941471325594
0.1304060190043158
0.14599031494729145
0.3522866021293591
0.10735693462676742
0.029999249529018526
0.7115859888235052
0.015943695230997014
0.22949802127555605
0.1032505216962672
0.6409839460510144
0.05453330745501177
0.6595027987059698
0.33282521560815703
0.03246827917863571
0.22083160604266594
0.23939284590333798
0.07449199950953962
0.12005697278191493
0.5931277760822548
0.1744801834144858
0.1062292726699911
0.07689504674997158
0.588531392621977
0.006717511286493371
0.137865837753478
0.19239492739997152
1.159861644991519
0.6478389177188554
0.16465506983063574
0.02806639452233843
0.09152548724247411
0.0006201346499562027
0.18881733874868162
0.04839581502705807
0.19923737338619713
0.09720672084894226
0.24081281549306655
0.09095931366223275
0.40291740774469703
0.10934362651691805
0.2779481089693188
0.0011002891125261721
0.28768989955774293
0.27601148568408096
0.11290362486502349
0.11285838505103317
0.5155425407946072
0.16794141869774815
0.02948550150399175
0.3892779560443805
0.0505549805485439
0.6078693898759668
0.2802276163238478
0.9022096234685317
0.0459615516231027
0.22372079886678775
0.6869610963318782
0.20033337307137114
0.5848625885689781
0.052919210159612616
0.5467209322808394
0.017170352577876455
0.278988416252465
0.1638670613498932
0.9898476660666724
0.27589448140436645
0.5746069647747687
0.21314044615502212
0.05441373860139479
0.14307975767680164
0.054089344266694636
0.08423092334516587
0.07114176416315049
0.06011784065553798
0.1899105871483234
0.05601561252845106
0.08007064472097895
0.033883995913086
0.1355617254434183
0.0009331066061116396
0.1294775686211002
0.07555980189581066
0.05055084289501694
0.1071277957213481
0.09750519212145976
0.0197351718314131
0.26132757087918584
0.07480371525263507
0.5340785453874445
0.4253377933124705
0.23393889764212863
0.13185757036755966
0.5950125937908644
0.38727865411251183
0.01003914786635946
0.31231253177758883
0.4332504613176229
0.05037245945218065
0.15356919663377094
0.20407558342859589
0.1497590414089903
0.6068063381630812
0.0016310995594044665
0.5351985500506279
0.006146555432045141
0.2457404501369127
0.1180808753417076
0.052121393055456586
0.09348813355192238
0.1508979246277804
0.46777802262026674
0.14026330870492223
0.3633871285325769
0.24923500107024418
0.1933443909603818
0.1359562680478149
0.101020296523617
0.054863672876955816
0.02266499567341234
0.21527363294754776
0.09991296714513369
1.024898541821775
0.14796664033856355
1.1251377678327943
0.0008281389421270166
0.3453393909567555
1.0356444082385063
0.00976359525005749
0.0729997456095111
0.17874071427865537
1.0036093916304454
0.15982259555557488
0.010450289760331695
0.22855805848908237
0.24869136666867084
0.025873780168557285
0.02428258650132003
0.030130789406612762
0.005098803461397611
0.2392214964579086
0.4323785715933828
0.23889710653156518
0.030443607123302525
0.10803807891999624
0.14152273045454156
0.3509005547046658
0.04682126923167887
0.34315115754354986
0.2993397947112856
0.031632180127619106
0.004509007831508487
0.8279041461497526
0.037252908834567076
0.089746944890744
0.5334694773842226
0.21400260334187443
0.10769266219715083
0.15027067369226849
0.3007700693447619
0.044886979718933954
0.5332020999289449
0.9144078264866405
0.14088120857259165
0.1517138666954284
0.8055325404313738
0.2565888355704152
0.18169702464576437
0.1674985373315643
0.04841785303961495
0.0389471528726912
0.10798996950178728
0.5440947415730636
0.6497227933843606
0.8248969691897379
0.5710812315013588
0.5005896307071125
0.040804625780408665
0.13398954715885836
0.1428571033302086
0.9755758905163454
0.02308020801995174
0.17966193537263433
0.36591797349148886
0.3969598659670991
0.016511978108183157
0.3222826351008891
0.2535307018932008
0.18506321379083515
0.7125787469355449
0.21212196613910705
0.2717749686650214
0.11443131439434943
0.22052827919172865
0.1450472368081023
0.09503749948346389
0.8660481905968306
0.5392463743757024
0.2631065398966887
0.07970054118024841
0.2596508166162311
0.22369647446671878
0.2693726846421686
0.02500322059673029
0.0963735437199709
0.49448672830862667
0.7126059209882839
0.010907629979851194
0.10415779861785442
0.029040153099667832
0.24266550481782065
0.0031923219262187446
0.3001494392992868
0.45354282701249304
0.26170181649947777
0.10575811231935399
0.22269103717726807
0.5170370831286253
0.49033939543681365
0.27783273996133023
0.015689285337927253
0.8548060545453575
0.012559764444218495
0.59604955506069
0.0010981658556951204
0.563364207925966
0.3372025176096226
0.15844275267332236
0.18612474414663702
0.2553925544840665
0.6433158561344868
0.7597665268170024
0.33555339028300823
0.033112046085809844
0.4221540263776437
0.37675463520067703
0.7144177495244897
0.16509117609601048
0.009751765830271358
0.2104377894176313
0.11142748131599362
0.018833704048578166
1.025197380328653
0.03689562442322648
0.22348578550827441
0.04768081176337555
0.09545462925170914
0.018443592470650413
0.20799549297917397
0.2484800674640761
0.45950746486319743
0.20935113229692398
0.13230008079669464
0.3066626212058981
0.6888516640080441
0.11182468306150063
0.3070586033297413
0.0261541912844774
0.2878445183558441
0.07027741907497516
1.0938609011073066
0.09179704401740973
0.09523487289299451
0.1712341246286005
0.08847322817139687
0.21467212716946144
1.022270377398175
0.17182715953006383
0.04563631468459949
0.362005635335493
0.16865544657434012
0.01095714383695991
0.2617914439637767
0.4979401753510028
0.07795472014105852
0.1662287805843304
0.10647590428831216
0.4205433534874206
0.32218076148860847
0.5427285732612788
0.3659874390574838
0.3222382968878661
0.27288936974659567
0.21556808451511025
0.5801984324342392
0.6441154038149368
0.39062993962117654
0.5850321131415378
0.14053850642973864
0.3418396401631278
0.0906512410547564
0.22359431805631869
0.6982623759988026
0.021910326678184017
0.22393811935674066
0.25046103746424325
0.43298337798329606
0.06091853940062935
0.22476574409840144
0.1648784149256539
0.20358239359686123
0.6718513156283477
0.677373263953291
0.6909386823825191
0.280539428673758
0.1052145858202591
0.1785713920186227
0.12046395829491564
0.03228934281090186
0.2713841457609672
0.48261679144838676
0.11659965636408788
0.08805819603813217
0.3469350690800049
0.355326540952632
0.06056679521786824
0.0016374000096703177
0.04493620543950265
0.12471586006612707
0.5017746582362096
0.44696530707759907
0.6155690851497129
0.12289529215953453
0.23302943826333505
0.2529540037364915
0.008435028081074412
0.11970062323315721
0.2151577425456983
0.14809747369940224
0.10519846280423363
0.33636382768842
0.42410963542611524
0.3893319407655862
0.4800047916623316
0.09906465137941259
0.15289256328646864
0.21486327571705643
0.17657341020076098
0.10430096556222426
0.3067568379055855
0.006135533114641228
0.13541921130539067
0.04595343093275931
0.02252733458929147
0.09658834522089454
0.39069363882745495
0.08129559214345426
0.06167968368317463
0.7641118325308888
0.0813324748417679
0.6905419685797759
0.1026012932949615
0.0948727804568441
0.2659464771524156
0.07133028010390607
0.44707381968979254
0.3325770794618902
0.11700540662470664
0.31344720214214206
0.5514417626433293
0.09330568488791499
0.0044814830777866145
0.15464162194267186
0.12001241543042239
0.14235974838718585
0.04599607879860589
0.05191560937753243
0.19840254170225263
0.034616888094030844
0.34701713472060286
0.6337734967625251
0.6063181022082638
0.10947060037250385
1.4834845208343101
0.07786252008762629
0.0846252176620348
0.024079966971107886
0.4396527500352864
0.016862104733878537
0.5755629486435233
0.0807662506878492
0.030833580431574206
0.49557916877455854
0.16853225686271878
0.46472939556457715
0.04034711943182113
0.3363005831452372
0.2163350625996197
0.3117652713595979
0.42651868542110843
0.2854055597321303
0.07004218040613579
0.053984071070941254
0.014324250824876778
0.899533073305537
0.4383585560381673
0.11656085663760611
0.006158355487877033
0.025931865489052863
0.09067786174368984
0.09299827692645794
0.008767817914700738
0.06121704721930188
0.6521558508499214
0.06939349825069366
0.0010202834591155605
0.32981134596786427
0.2235309209162885
0.03602278020593308
0.163764479438021
0.4075023081733115
0.09139183173693147
0.19040931375048617
0.0441462810885654
0.0046401074681918664
0.6330911675800223
0.1003309885866383
0.2382403618590706
0.23675755385427558
0.8328876335172064
0.07203651505742173
0.1687268137576257
0.34614255142596767
0.22847514413874412
0.42959198132468607
0.06255924358473788
0.5734243709718956
0.6468847358618361
0.024043924935960415
0.6632766806631433
0.24650293066932802
0.017747347942501962
0.19145114421442225
0.09826577958824426
0.2601702684729467
0.19442808702258416
0.18691209402272743
0.18145880442934142
0.17926657231411616
0.5585798010025456
0.19505920236545496
0.34101551323932294
0.49899405701060695
0.2227662731200164
0.55305910548466
1.0427582694966149
0.3418000871323228
0.1313387929659941
0.26039675173537485
0.009937498115789799
0.10902266341751696
0.09419973437223071
0.0462847170529755
0.12785410887449292
0.602133264123978
0.20666377916347045
0.07807349065006253
0.11755806275147884
0.2182446140760694
0.37648484122031983
0.04116657702298255
0.16831090748432145
0.2597232401809661
0.3434266711356113
0.8383140090868186
0.19137304120863693
0.027156414046755104
0.01926233890612337
0.01674679874659814
0.18852762070971502
0.35270578813034426
0.0715603062121023
0.1452840403653483
0.5791387607594927
0.31224066681366747
0.0190459732052562
0.2610330331470726
0.015222021846852502
0.03006465674396732
0.33286994413431903
0.5169736552559019
0.32970415484108506
0.24887492983512677
0.22396034796663278
0.14413534310892992
0.06675168399538385
0.20953641155384906
0.15142810100133933
0.050743771808195504
0.01419872933513076
1.4664200770776383
0.43910793480233884
0.11309609006677955
0.07340891393943251
0.25426226702966803
1.0205322573048543
0.2543519754831771
0.26854855205868333
0.056101300148522874
0.24018890436953327
0.21713398122468835
0.43113202837653114
1.1622962902628944
0.054044636478402325
0.2664477719415391
0.012073120817459872
0.27385249295216235
0.1864055147765103
0.3988632464214325
0.13606656401996844
0.6777634817127716
0.2317493888298142
0.046969193719090044
0.19510431786141602
0.06560375420425758
0.41327632889620064
0.480068023231759
0.3908142686306591
0.07190403095634595
0.2794354476830629
0.19690044512089785
0.8175444360988253
0.024860127228263373
0.27793006619444255
0.007462323713344098
1.0225977236715145
0.4300650761555215
0.21564378787333505
0.23454122259170457
0.24623227918363605
0.04566869689269356
0.003829660189542315
0.1951766341910956
0.11818435649203708
0.06658807654181388
0.07301376031905807
0.058413645556809744
0.8705391082766324
0.6114273339733621
0.3769546473885683
0.17119721749927086
0.08782840092267222
0.12401548868249188
0.5825586173761492
0.09606243335112932
0.14141361843078779
0.2398303196816898
0.2937548520523726
0.042824826876854766
0.19323727601852353
0.38257378535072395
0.4463142802422987
0.7249845959714583
0.09280321969324044
0.26600219051196816
0.18746969470177252
0.3195773469734922
0.10565178659868492
0.009074543520653653
0.2310491146636737
0.02743459334276023
0.25305091720271794
0.19474346752191457
0.13674812920463833
0.11025154263671397
0.23775791916448374
0.03224615995148081
0.1422815474986605
0.10100972671377025
0.3477314390706443
0.025359924309926722
0.1615193377398535
0.6147217213355185
0.4562804088350612
0.019295321003928043
0.056611695059127304
0.3181762414019476
0.006737369645740852
0.23295072736548375
0.05314207957253955
0.08155150932548741
0.6752087515619443
0.2504079929101221
0.1928097364292229
0.28044812793112
0.4715438029860494
0.06087889250501877
0.37831679001632795
0.12307118195895336
0.9621432281684829
0.4649931266613341
0.028979087589348626
0.03621761011221027
0.08239848990739775
0.17248951644284952
1.2729643893286944
0.1606810978229188
0.07846669253270952
0.04387150549013143
0.20236528014648497
0.304909103253646
0.03602068528312563
0.1750562830360607
0.3899662037246827
0.19288155422357384
0.17050729331927986
0.08221869274982098
0.18411805791618854
0.03992791582601389
0.22974754782934362
0.501744356235118
0.0011753664549612453
0.0007894798980327687
0.22902377766673948
0.7084242441880455
0.2806339032296516
0.07711363320332901
0.24312972151057174
0.053647839966999594
0.15648189868146256
0.28194861383166286
0.12347075205609144
0.07667327289422121
0.05454495354556848
0.22769748709754864
0.20923357562791572
0.24223088236987028
0.1139368406518649
0.12298542649780261
0.40030607329385004
0.7036882344971791
0.038606702376219444
0.08638866507294285
0.0685590011777483
0.2632161755185081
0.09437230858925068
0.13288872656204426
0.017654108051428512
0.14009552739113612
0.07594058801832526
1.019003879050692
1.3639184913448306
0.6640257373740779
0.0827911712002368
0.0651507614191944
0.04481248185535613
0.12782214085442029
0.5805706264984419
0.4898144798941722
0.519955229646322
0.45735096721285834
0.4242765198554802
0.011496757980858406
0.13225045204507443
0.17589811804576957
0.03879081254664678
0.10588884089152524
0.03214786172353959
0.1486154026081745
0.12503486692389845
0.03212479245272188
0.017723778616283662
0.13190236811916298
0.2524050688417665
0.4666638375996015
0.43323764675834875
0.2986573820312542
0.19293301765172835
0.31880786283605955
0.001566893948978076
0.14558793684111102
0.22359293627320936
0.3825988563469253
0.43129124935907354
0.5063145950022347
0.38160379994193416
0.5449735503097016
0.44476086479750476
0.11521234723195059
0.3520427687210004
0.1773556989272264
0.12279569560547218
0.578320036695066
0.14201445942321225
0.030863837883564414
0.6176541607990382
0.5275042982829389
0.013328191110734173
0.1808988266748043
0.0068674001693932165
0.06035257039908093
0.06235430444226201
0.6093161410987346
0.005190256346456733
0.1696691029718468
0.4470287405223142
0.22006858056840703
0.07790596198495695
0.2265264359298069
0.027494257071718452
1.199276216489199
0.6965074138584597
0.26138722193801833
0.5336053752961601
0.13864317534154638
0.2818552902252271
0.06093359898975803
0.3804991115241005
0.006447315020950842
0.13373887660741185
0.1865417415579128
0.05687469375596287
0.369823929569742
0.13431591010029836
0.11057094405029064
0.4064569581846646
0.40716495935724284
0.0804060113613953
0.12399566654064433
0.428948668508502
0.2937786718647846
0.1942938692317611
0.19374560958023115
0.07092837538620375
0.33069137276416666
0.16517196441364404
0.05664099122392081
1.5614424154358912
0.027688059905371747
0.052483555575549144
0.4362436699881157
0.1199930664014224
0.28901813413606864
0.15289438744988626
0.5902573300820528
0.36551765781275036
0.30112917210370793
0.21850997604367042
0.3265675207078002
0.18922265744039285
0.7664882544706477
0.02453405477939154
0.08588138679354032
0.16562868631023528
0.5413414959970284
0.036342718624744814
0.06281496554019037
0.4704615522002454
0.4166995736319422
1.2971104607028487
0.12161919213260289
