0.04420521442520488
0.25898032978496643
0.30587305470347365
0.2544559692227371
0.10365413683661664
0.09300546232797993
0.28939714060542443
0.2023691086446985
0.12194492479167819
0.03826211591058716
0.10554599672363682
0.07935554737587217
0.08243666031607998
0.16210418955675582
0.1411823094350897
0.28020973479668787
0.10612818652250139
0.49049027021304614
0.11718956357474848
0.14045553485556145
0.2869605322638698
0.001763775268886026
0.2960479564065601
0.07712927726020252
0.011424079025564237
0.21472948081182175
0.33277251556374177
0.08733382611955937
0.020092482755680662
0.4224901184314625
0.13669818847038834
0.16366884179908323
0.7567252513744843
0.17183024834181038
0.0358980847670212
0.10252774469203133
0.08436474953871523
0.20410654025016134
0.04972338407623768
0.5891721096684234
0.12051015840805498
0.16093228230631457
0.11945290359571156
0.2565496307709391
0.07295212747701707
0.230490936624909
0.002164698860108035
0.38824188365985185
0.17871652148989828
0.23771005005278756
0.009929495226985448
0.021269962386289813
0.8274891137783135
0.3547635203023334
0.4523127880696116
1.2397219829391186
0.2696252494768391
0.0453253738602551
0.07968029283158462
0.04717174493337837
0.03390296933647976
0.3727293552555245
0.16409572041362905
0.3550851404887716
0.15237264514076387
0.026177073422509706
0.14837763830824718
0.0696596893566839
0.01781082351311035
0.10035387111486173
0.1944769439967613
0.016677542395482588
0.12830778206164173
0.21997518155841472
0.25774450606836696
0.06343774839454955
0.27703243972563235
0.42626027693946644
0.04463288155915296
0.5880990177988998
0.018681656492697672
0.10289809787914889
0.0763573633455166
0.041147881372317764
0.20237936461284478
0.3060522264389973
0.10004627285308368
0.047914101757791774
0.19741192925196474
0.18607797936104942
0.187451063416258
0.09280988369307938
0.36288508649704576
0.1557365706996237
0.08319681725208683
0.03484569965241148
0.36205285105628643
0.16961337489964973
0.23146870911861087
0.0686091706401799
0.1018869066284925
0.14989714865784776
0.11915156222277586
0.040247158476303085
0.17966543756745523
0.1283636052098113
0.01059099258677217
0.3172979502974636
0.21473335945582642
0.0617293754273215
0.30088260613606843
0.07089508159521948
0.09342683912565376
0.005598913393549892
0.10246438477175464
0.18579246827603715
0.24184558786159485
0.2832660034422664
0.007077729010544121
0.48606364194122237
0.07013548483155935
0.053282926572903205
0.41486594598027937
0.002877080074035497
0.07560822658121275
0.0146858264482535
0.1375645695275273
0.7152219759965925
0.053252389024081956
0.021551723960846973
0.29317176572047454
0.03759374049157416
0.12610187200771658
0.4732408741395471
0.1643131275556406
0.08852481892357716
0.044018790646697954
0.2473462747068555
0.2511809546600534
0.8172988379475759
0.13583545134151037
0.09455408429476082
0.06262998561781948
0.275578416483005
0.23135671613814718
0.08459590419272313
0.029439722848741995
0.01284606808037301
0.3303024778953806
0.17680723081701002
0.017973133271523792
0.05535986633351275
0.47926553404838473
0.1337415410970241
0.0426242561920231
0.08380391262408832
0.09650697839701444
0.2829826441360627
0.33658284341112865
0.10775624982495502
0.034477042000413134
0.46127302864854014
0.03808310440360976
0.07607327365323446
0.06508525487276925
0.489806925112934
0.6265789388227486
0.00874845837795334
0.4815214291048054
0.31224500970754876
0.18133575725268808
0.44135083193755525
0.15205735843072654
0.05251469512396166
0.04613023086661867
0.04573551058688764
0.38830271927312676
0.3870296068352208
0.5472875790001512
0.295107361061614
0.06484862391014773
0.029331674731919985
0.0278561009124054
0.16968745127655582
0.35803286525429046
0.5164225450212983
0.04263699505431945
0.05650999926786246
0.03957270022963769
0.020632712135470643
0.056505981786075105
0.057414494291556276
0.07598190976308758
0.25134739988196464
0.11570053988979001
0.1841755383816187
0.20798163008313533
0.2125363425333994
0.18803593684414516
0.1712571539500135
0.008721478702876751
0.27001586022504565
0.18679836485067938
0.09743583349616958
0.009302555647996015
0.051304162496538
0.043595796041987614
0.10898250131836452
0.006736017662677178
0.3829337055640014
0.12868095274791777
0.2524893717783497
0.16116990350970806
0.08634886474010511
0.7460789615313743
0.21662075742078263
0.08656064409597733
0.17566491376190946
0.13566677089387558
0.5217819108313512
0.3995051299661716
0.4021445304751373
0.04559979619559004
0.1309104360987171
0.16728636689852786
0.36475680439196745
0.047894127756001395
0.06223385123717887
0.1478406294042
0.19829542356862265
0.008376391812474022
0.33828499192407036
0.048343289676800516
0.17224279239138632
0.45942938382856424
0.0069673141521187035
0.31939484839946347
0.1277122589289826
0.07989098939964562
0.09482139394591721
0.02568997575451139
0.19510595530859634
0.32076783453099994
0.05714172871945722
0.09576935321598619
0.4952515088380557
0.0024235223209746106
0.20591044359317345
0.3426415172546172
0.238627647550396
0.0869373460028772
0.09732687663152763
0.23485773475290606
0.07157128975117827
0.019999499686012348
0.47439065921567014
0.01062913015399801
0.1529986808503707
0.06883368113084479
0.4273226307006762
0.03635553830334118
0.4396685324706465
0.22188347707210468
0.02164551945242381
0.14722107069511062
0.1595952306022253
0.04966133300635975
0.08003798185460995
0.3954185173881698
0.11632012227632385
0.0708195151133274
0.05126336449998105
0.3923542617479846
0.004478340857662248
0.09191055850231866
0.12826328493331435
0.7732410966610126
0.4318926118125702
0.10977004655375716
0.018710929681558953
0.06101699149498274
0.0004134230999708018
0.1258782258324544
0.03226387668470538
0.13282491559079806
0.0648044805659615
0.1605418769953777
0.0606395424414885
0.2686116051631313
0.0728957510112787
0.1852987393128792
0.0007335260750174481
0.1917932663718286
0.18400765712272063
0.075269083243349
0.07523892336735544
0.34369502719640477
0.11196094579849876
0.019657001002661163
0.2595186373629203
0.03370332036569593
0.4052462599173112
0.18681841088256518
0.6014730823123544
0.030641034415401797
0.14914719924452516
0.4579740642212521
0.13355558204758075
0.38990839237931874
0.03527947343974174
0.3644806215205596
0.011446901718584302
0.18599227750164332
0.10924470756659546
0.6598984440444482
0.18392965426957764
0.3830713098498458
0.14209363077001474
0.03627582573426319
0.09538650511786775
0.036059562844463086
0.056153948896777245
0.04742784277543366
0.04007856043702532
0.12660705809888226
0.037343741685634035
0.05338042981398597
0.022589330608724
0.09037448362894553
0.000622071070741093
0.08631837908073345
0.05037320126387377
0.033700561930011294
0.07141853048089873
0.0650034614143065
0.013156781220942066
0.17421838058612388
0.04986914350175671
0.3560523635916296
0.28355852887498034
0.15595926509475241
0.08790504691170643
0.3966750625272429
0.2581857694083412
0.00669276524423964
0.20820835451839254
0.28883364087841523
0.033581639634787094
0.10237946442251396
0.13605038895239724
0.09983936093932685
0.40453755877538744
0.0010873997062696443
0.35679903336708524
0.004097703621363427
0.16382696675794178
0.0787205835611384
0.03474759537030439
0.062325422367948254
0.10059861641852026
0.3118520150801778
0.09350887246994816
0.24225808568838458
0.16615666738016277
0.12889626064025453
0.0906375120318766
0.067346864349078
0.03657578191797054
0.015109997115608226
0.14351575529836516
0.06660864476342246
0.68326569454785
0.0986444268923757
0.7500918452218628
0.0005520926280846777
0.23022626063783697
0.6904296054923376
0.0065090635000383265
0.048666497073007395
0.11916047618577025
0.6690729277536303
0.10654839703704991
0.006966859840221129
0.15237203899272156
0.16579424444578056
0.017249186779038188
0.016188391000880018
0.02008719293774184
0.0033992023075984073
0.15948099763860574
0.28825238106225515
0.1592647376877101
0.020295738082201684
0.07202538594666416
0.09434848696969436
0.23393370313644385
0.03121417948778591
0.22876743836236657
0.19955986314085705
0.021088120085079404
0.0030060052210056577
0.5519360974331684
0.02483527255637805
0.05983129659382933
0.35564631825614834
0.14266840222791627
0.07179510813143389
0.10018044912817899
0.2005133795631746
0.02992465314595597
0.35546806661929653
0.6096052176577603
0.09392080571506109
0.10114257779695227
0.5370216936209158
0.1710592237136101
0.1211313497638429
0.1116656915543762
0.03227856869307663
0.025964768581794133
0.07199331300119152
0.3627298277153757
0.433148528922907
0.5499313127931585
0.3807208210009059
0.3337264204714083
0.027203083853605776
0.08932636477257223
0.09523806888680572
0.6503839270108969
0.015386805346634492
0.11977462358175622
0.24394531566099256
0.2646399106447327
0.011007985405455438
0.2148550900672594
0.16902046792880054
0.12337547586055676
0.4750524979570299
0.14141464409273802
0.18118331244334757
0.07628754292956628
0.14701885279448576
0.0966981578720682
0.06335833298897592
0.577365460397887
0.35949758291713496
0.1754043599311258
0.05313369412016561
0.1731005444108207
0.14913098297781252
0.17958178976144573
0.016668813731153524
0.06424902914664726
0.32965781887241774
0.47507061399218925
0.007271753319900796
0.06943853241190294
0.01936010206644522
0.16177700321188043
0.002128214617479163
0.2000996261995245
0.30236188467499536
0.1744678776663185
0.07050540821290266
0.14846069145151203
0.34469138875241684
0.3268929302912091
0.18522182664088682
0.010459523558618167
0.5698707030302383
0.008373176296145663
0.39736637004046
0.0007321105704634135
0.37557613861731065
0.22480167840641507
0.1056285017822149
0.12408316276442467
0.17026170298937765
0.4288772374229912
0.5065110178780016
0.22370226018867215
0.022074697390539896
0.2814360175850958
0.25116975680045134
0.4762784996829931
0.11006078406400699
0.006501177220180905
0.1402918596117542
0.07428498754399573
0.01255580269905211
0.6834649202191019
0.02459708294881765
0.14899052367218293
0.031787207842250365
0.06363641950113942
0.012295728313766942
0.13866366198611596
0.16565337830938406
0.3063383099087983
0.13956742153128265
0.08820005386446308
0.20444174747059873
0.4592344426720294
0.07454978870766708
0.20470573555316085
0.017436127522984932
0.19189634557056273
0.0468516127166501
0.7292406007382044
0.06119802934493982
0.06348991526199634
0.11415608308573366
0.05898215211426458
0.14311475144630761
0.6815135849321166
0.11455143968670922
0.030424209789732995
0.241337090223662
0.11243696438289341
0.007304762557973273
0.17452762930918445
0.3319601169006685
0.05196981342737234
0.11081918705622026
0.07098393619220811
0.2803622356582804
0.21478717432573896
0.3618190488408525
0.24399162603832253
0.2148255312585774
0.18192624649773043
0.14371205634340684
0.38679895495615946
0.42941026920995784
0.260419959747451
0.3900214087610252
0.09369233761982576
0.2278930934420852
0.06043416070317093
0.14906287870421245
0.4655082506658684
0.014606884452122677
0.14929207957116042
0.16697402497616215
0.28865558532219737
0.04061235960041956
0.1498438293989343
0.10991894328376925
0.13572159573124082
0.4479008770855651
0.45158217596886063
0.4606257882550127
0.1870262857825053
0.07014305721350605
0.1190475946790818
0.08030930552994375
0.02152622854060124
0.1809227638406448
0.3217445276322578
0.07773310424272525
0.05870546402542144
0.23129004605333658
0.236884360635088
0.04037786347857882
0.0010916000064468785
0.029957470293001765
0.08314390671075138
0.33451643882413973
0.297976871385066
0.41037939009980856
0.08193019477302302
0.15535295884222336
0.16863600249099434
0.0056233520540496075
0.07980041548877147
0.14343849503046552
0.09873164913293482
0.07013230853615575
0.22424255179227998
0.2827397569507435
0.25955462717705746
0.3200031944415544
0.06604310091960838
0.10192837552431241
0.14324218381137094
0.11771560680050731
0.06953397704148284
0.20450455860372366
0.0040903554097608185
0.09027947420359378
0.03063562062183954
0.015018223059527646
0.06439223014726303
0.26046242588496993
0.054197061428969504
0.04111978912211642
0.5094078883539258
0.05422164989451193
0.46036131238651723
0.06840086219664099
0.06324852030456272
0.17729765143494372
0.047553520069270716
0.2980492131265283
0.22171805297459346
0.07800360441647108
0.2089648014280947
0.3676278417622195
0.062203789925276656
0.002987655385191076
0.1030944146284479
0.08000827695361493
0.09490649892479056
0.030664052532403927
0.034610406251688285
0.1322683611348351
0.023077925396020563
0.2313447564804019
0.4225156645083501
0.4042120681388425
0.0729804002483359
0.9889896805562067
0.05190834672508419
0.056416811774689865
0.016053311314071922
0.2931018333568576
0.011241403155919025
0.38370863242901554
0.0538441671252328
0.020555720287716135
0.33038611251637234
0.11235483790847918
0.3098195970430514
0.026898079621214085
0.22420038876349146
0.14422337506641314
0.20784351423973194
0.2843457902807389
0.1902703731547535
0.046694786937423856
0.035989380713960836
0.009549500549917852
0.5996887155370246
0.2922390373587782
0.07770723775840407
0.004105570325251355
0.01728791032603524
0.06045190782912656
0.061998851284305295
0.005845211943133825
0.040811364812867915
0.43477056723328095
0.046262332167129105
0.000680188972743707
0.21987423064524284
0.14902061394419233
0.024015186803955386
0.10917631962534732
0.2716682054488743
0.060927887824620976
0.1269395425003241
0.0294308540590436
0.0030934049787945776
0.4220607783866815
0.06688732572442553
0.15882690790604706
0.15783836923618372
0.5552584223448043
0.048024343371614486
0.11248454250508379
0.2307617009506451
0.15231676275916273
0.2863946542164574
0.04170616238982525
0.3822829139812637
0.4312564905745574
0.016029283290640274
0.4421844537754288
0.16433528711288534
0.011831565295001307
0.12763409614294816
0.06551051972549617
0.17344684564863114
0.12961872468172275
0.12460806268181829
0.12097253628622762
0.11951104820941078
0.372386534001697
0.13003946824363663
0.22734367549288195
0.33266270467373793
0.14851084874667758
0.36870607032310665
0.6951721796644099
0.22786672475488184
0.08755919531066272
0.1735978344902499
0.006624998743859866
0.07268177561167796
0.06279982291482047
0.030856478035317
0.08523607258299527
0.401422176082652
0.13777585277564697
0.05204899376670835
0.07837204183431923
0.14549640938404626
0.2509898941468799
0.027444384681988364
0.1122072716562143
0.17314882678731072
0.22895111409040753
0.558876006057879
0.12758202747242461
0.01810427603117007
0.012841559270748914
0.011164532497732093
0.12568508047314333
0.23513719208689615
0.047706870808068194
0.0968560269102322
0.3860925071729951
0.20816044454244498
0.0126973154701708
0.1740220220980484
0.010148014564568333
0.020043104495978212
0.22191329608954602
0.3446491035039346
0.2198027698940567
0.1659166198900845
0.14930689864442184
0.0960902287392866
0.04450112266358923
0.13969094103589935
0.10095206733422621
0.03382918120546367
0.00946581955675384
0.9776133847184255
0.2927386232015592
0.07539739337785303
0.04893927595962167
0.1695081780197787
0.6803548382032362
0.1695679836554514
0.1790323680391222
0.03740086676568191
0.16012593624635552
0.14475598748312557
0.2874213522510207
0.7748641935085963
0.036029757652268214
0.17763184796102607
0.008048747211639914
0.1825683286347749
0.12427034318434019
0.26590883094762163
0.09071104267997895
0.4518423211418477
0.15449959255320944
0.031312795812726696
0.130069545240944
0.04373583613617172
0.2755175525974671
0.32004534882117264
0.26054284575377273
0.04793602063756397
0.18629029845537526
0.1312669634139319
0.5450296240658835
0.01657341815217558
0.18528671079629502
0.0049748824755627315
0.6817318157810096
0.2867100507703476
0.14376252524889002
0.15636081506113636
0.1641548527890907
0.030445797928462373
0.00255310679302821
0.13011775612739707
0.07878957099469139
0.04439205102787592
0.04867584021270538
0.038942430371206496
0.5803594055177549
0.40761822264890807
0.2513030982590455
0.11413147833284723
0.05855226728178148
0.08267699245499457
0.38837241158409946
0.06404162223408622
0.09427574562052518
0.1598868797877932
0.19583656803491506
0.02854988458456984
0.12882485067901567
0.25504919023381595
0.29754285349486576
0.48332306398097213
0.06186881312882696
0.17733479367464544
0.12497979646784835
0.2130515646489948
0.07043452439912327
0.006049695680435768
0.1540327431091158
0.018289728895173486
0.16870061146847862
0.12982897834794305
0.09116541946975888
0.07350102842447598
0.15850527944298914
0.02149743996765387
0.094854364999107
0.06733981780918016
0.23182095938042951
0.016906616206617812
0.10767955849323566
0.40981448089034567
0.30418693922337414
0.012863547335952028
0.0377411300394182
0.21211749426796506
0.004491579763827235
0.1553004849103225
0.0354280530483597
0.05436767288365827
0.4501391677079628
0.1669386619400814
0.12853982428614857
0.18696541862074667
0.3143625353240329
0.04058592833667918
0.2522111933442186
0.08204745463930224
0.6414288187789885
0.3099954177742227
0.019319391726232416
0.02414507340814018
0.05493232660493183
0.11499301096189968
0.8486429262191295
0.10712073188194587
0.05231112835513968
0.029247670326754283
0.13491018676432331
0.20327273550243066
0.024013790188750418
0.11670418869070712
0.2599774691497885
0.12858770281571588
0.1136715288795199
0.054812461833213984
0.12274537194412569
0.026618610550675926
0.15316503188622907
0.3344962374900787
0.0007835776366408302
0.0005263199320218458
0.152682518444493
0.472282829458697
0.18708926881976773
0.05140908880221934
0.1620864810070478
0.035765226644666394
0.1043212657876417
0.1879657425544419
0.08231383470406095
0.05111551526281414
0.03636330236371232
0.15179832473169907
0.13948905041861048
0.16148725491324684
0.07595789376790993
0.0819902843318684
0.26687071552923336
0.46912548966478607
0.025737801584146295
0.0575924433819619
0.045706000785165526
0.17547745034567208
0.06291487239283378
0.08859248437469616
0.011769405367619008
0.09339701826075741
0.05062705867888351
0.6793359193671279
0.909278994229887
0.4426838249160519
0.05519411413349119
0.0434338409461296
0.02987498790357075
0.08521476056961352
0.3870470843322946
0.3265429865961148
0.3466368197642147
0.3049006448085722
0.2828510132369868
0.00766450532057227
0.08816696803004961
0.11726541203051305
0.025860541697764517
0.07059256059435015
0.02143190781569306
0.09907693507211632
0.08335657794926563
0.021416528301814584
0.011815852410855775
0.08793491207944198
0.168270045894511
0.311109225066401
0.28882509783889915
0.19910492135416946
0.1286220117678189
0.21253857522403968
0.0010445959659853839
0.09705862456074067
0.1490619575154729
0.2550659042312835
0.2875274995727157
0.33754306333482315
0.25440253329462276
0.36331570020646775
0.2965072431983365
0.07680823148796706
0.23469517914733357
0.11823713261815094
0.08186379707031478
0.38554669113004403
0.09467630628214149
0.020575891922376275
0.41176944053269215
0.3516695321886259
0.008885460740489449
0.12059921778320287
0.004578266779595478
0.04023504693272062
0.041569536294841336
0.4062107607324897
0.003460170897637822
0.11311273531456453
0.29801916034820947
0.1467123870456047
0.051937307989971294
0.1510176239532046
0.018329504714478966
0.799517477659466
0.4643382759056398
0.1742581479586789
0.35573691686410674
0.09242878356103092
0.18790352681681805
0.040622399326505354
0.2536660743494003
0.004298210013967228
0.0891592510716079
0.12436116103860853
0.03791646250397525
0.246549286379828
0.08954394006686557
0.07371396270019376
0.27097130545644305
0.2714433062381619
0.053604007574263535
0.08266377769376287
0.285965779005668
0.1958524479098564
0.1295292461545074
0.1291637397201541
0.047285583590802496
0.2204609151761111
0.11011464294242936
0.0377606608159472
1.040961610290594
0.018458706603581163
0.034989037050366094
0.29082911332541045
0.07999537760094827
0.19267875609071242
0.1019295916332575
0.3935048867213685
0.24367843854183358
0.20075278140247194
0.14567331736244693
0.2177116804718668
0.12614843829359523
0.5109921696470985
0.016356036519594358
0.057254257862360214
0.11041912420682351
0.36089433066468557
0.02422847908316321
0.04187664369346024
0.3136410348001636
0.27779971575462814
0.8647403071352324
0.08107946142173525
