0.02652312865512293
0.1553881978709799
0.1835238328220842
0.1526735815336423
0.062192482101969995
0.05580327739678797
0.17363828436325468
0.12142146518681912
0.07316695487500692
0.0229572695463523
0.0633275980341821
0.04761332842552331
0.04946199618964799
0.0972625137340535
0.08470938566105382
0.16812584087801274
0.06367691191350083
0.2942941621278277
0.07031373814484909
0.08427332091333688
0.1721763193583219
0.0010582651613316157
0.17762877384393608
0.04627756635612152
0.006854447415338543
0.12883768848709307
0.19966350933824506
0.052400295671735625
0.0120554896534084
0.2534940710588775
0.08201891308223301
0.09820130507944995
0.45403515082469065
0.10309814900508624
0.021538850860212722
0.0615166468152188
0.050618849723229144
0.12246392415009683
0.02983403044574261
0.35350326580105407
0.072306095044833
0.09655936938378876
0.07167174215742694
0.1539297784625635
0.04377127648621025
0.1382945619749454
0.0012988193160648213
0.23294513019591112
0.10722991289393898
0.14262603003167254
0.00595769713619127
0.012761977431773888
0.49649346826698815
0.21285811218140005
0.27138767284176696
0.7438331897634712
0.16177514968610346
0.027195224316153063
0.04780817569895078
0.028303046960027025
0.02034178160188786
0.2236376131533147
0.09845743224817743
0.21305108429326297
0.09142358708445834
0.015706244053505826
0.08902658298494831
0.041795813614010344
0.010686494107866212
0.060212322668917045
0.11668616639805679
0.010006525437289554
0.07698466923698505
0.13198510893504886
0.1546467036410202
0.038062649036729734
0.16621946383537944
0.2557561661636799
0.026779728935491777
0.3528594106793399
0.011208993895618604
0.06173885872748933
0.04581441800730996
0.02468872882339066
0.12142761876770687
0.18363133586339841
0.060027763711850216
0.02874846105467507
0.11844715755117885
0.11164678761662966
0.11247063804975482
0.05568593021584764
0.2177310518982275
0.09344194241977423
0.0499180903512521
0.02090741979144689
0.2172317106337719
0.10176802493978986
0.13888122547116652
0.041165502384107946
0.0611321439770955
0.08993828919470866
0.07149093733366552
0.024148295085781854
0.10779926254047315
0.07701816312588679
0.006354595552063302
0.19037877017847818
0.12884001567349587
0.037037625256392905
0.18052956368164108
0.042537048957131694
0.05605610347539226
0.0033593480361299357
0.06147863086305279
0.1114754809656223
0.14510735271695693
0.16995960206535987
0.004246637406326473
0.29163818516473344
0.042081290898935614
0.03196975594374193
0.24891956758816766
0.0017262480444212983
0.04536493594872765
0.0088114958689521
0.08253874171651639
0.42913318559795555
0.03195143341444918
0.012931034376508187
0.17590305943228476
0.022556244294944496
0.07566112320462996
0.28394452448372826
0.09858787653338436
0.0531148913541463
0.026411274388018775
0.1484077648241133
0.15070857279603206
0.4903793027685455
0.08150127080490624
0.0567324505768565
0.03757799137069169
0.16534704988980303
0.13881402968288833
0.050757542515633886
0.017663833709245198
0.007707640848223807
0.19818148673722838
0.10608433849020603
0.010783879962914276
0.03321591980010765
0.2875593204290309
0.08024492465821448
0.02557455371521386
0.05028234757445299
0.05790418703820867
0.16978958648163767
0.2019497060466772
0.06465374989497301
0.020686225200247883
0.27676381718912413
0.02284986264216586
0.04564396419194068
0.039051152923661556
0.2938841550677604
0.3759473632936492
0.005249075026772004
0.28891285746288325
0.1873470058245293
0.10880145435161287
0.2648104991625332
0.09123441505843594
0.031508817074377
0.027678138519971203
0.02744130635213259
0.23298163156387608
0.23221776410113248
0.32837254740009075
0.17706441663696842
0.03890917434608865
0.017599004839151992
0.016713660547443242
0.1018124707659335
0.2148197191525743
0.30985352701277896
0.02558219703259167
0.03390599956071748
0.02374362013778262
0.012379627281282387
0.03390358907164506
0.03444869657493377
0.04558914585785256
0.1508084399291788
0.06942032393387401
0.11050532302897123
0.1247889780498812
0.12752180552003964
0.11282156210648711
0.1027542923700081
0.005232887221726051
0.16200951613502743
0.11207901891040764
0.05846150009770175
0.005581533388797609
0.030782497497922803
0.026157477625192573
0.06538950079101873
0.0040416105976063075
0.22976022333840085
0.07720857164875067
0.15149362306700984
0.09670194210582485
0.05180931884406307
0.4476473769188246
0.1299724544524696
0.05193638645758641
0.10539894825714569
0.08140006253632535
0.31306914649881074
0.23970307797970297
0.2412867182850824
0.027359877717354028
0.07854626165923029
0.10037182013911672
0.2188540826351805
0.02873647665360084
0.03734031074230732
0.08870437764252002
0.1189772541411736
0.005025835087484414
0.20297099515444225
0.02900597380608031
0.10334567543483181
0.2756576302971386
0.004180388491271223
0.19163690903967812
0.07662735535738957
0.04793459363978738
0.056892836367550326
0.015413985452706835
0.11706357318515781
0.1924607007186
0.03428503723167433
0.05746161192959172
0.29715090530283345
0.0014541133925847667
0.12354626615590408
0.20558491035277038
0.1431765885302376
0.05216240760172633
0.05839612597891658
0.14091464085174363
0.04294277385070697
0.01199969981160741
0.2846343955294021
0.006377478092398806
0.09179920851022243
0.04130020867850688
0.2563935784204058
0.02181332298200471
0.26380111948238794
0.1331300862432628
0.012987311671454286
0.08833264241706638
0.0957571383613352
0.02979679980381585
0.04802278911276597
0.23725111043290192
0.06979207336579432
0.042491709067996444
0.030758018699988635
0.2354125570487908
0.002687004514597349
0.0551463351013912
0.07695797095998862
0.46394465799660756
0.25913556708754215
0.0658620279322543
0.011226557808935373
0.03661019489698965
0.0002480538599824811
0.07552693549947265
0.01935832601082323
0.07969494935447885
0.03888268833957691
0.09632512619722662
0.0363837254648931
0.1611669630978788
0.043737450606767224
0.11117924358772753
0.0004401156450104689
0.11507595982309718
0.11040459427363239
0.0451614499460094
0.04514335402041327
0.20621701631784287
0.06717656747909927
0.0117942006015967
0.1557111824177522
0.02022199221941756
0.24314775595038673
0.11209104652953912
0.3608838493874127
0.01838462064924108
0.0894883195467151
0.2747844385327513
0.08013334922854846
0.23394503542759126
0.021167684063845046
0.21868837291233578
0.0068681410311505825
0.111595366500986
0.06554682453995729
0.395939066426669
0.11035779256174659
0.22984278590990748
0.08525617846200885
0.02176549544055792
0.05723190307072066
0.021635737706677857
0.033692369338066346
0.028456705665260196
0.02404713626221519
0.07596423485932936
0.022406245011380426
0.03202825788839158
0.013553598365234402
0.05422469017736732
0.0003732426424446558
0.05179102744844008
0.030223920758324266
0.02022033715800678
0.04285111828853924
0.03900207684858391
0.00789406873256524
0.10453102835167434
0.02992148610105403
0.2136314181549778
0.1701351173249882
0.09357555905685146
0.05274302814702386
0.23800503751634575
0.15491146164500474
0.0040156591465437845
0.12492501271103554
0.17330018452704918
0.02014898378087226
0.06142767865350838
0.08163023337143836
0.05990361656359612
0.24272253526523246
0.0006524398237617866
0.21407942002025115
0.0024586221728180565
0.09829618005476509
0.04723235013668304
0.020848557222182637
0.03739525342076896
0.060359169851112164
0.1871112090481067
0.056105323481968894
0.14535485141303076
0.09969400042809767
0.07733775638415273
0.054382507219125964
0.040408118609446805
0.021945469150782326
0.009065998269364937
0.08610945317901911
0.039965186858053475
0.40995941672871006
0.059186656135425425
0.45005510713311775
0.0003312555768508066
0.1381357563827022
0.41425776329540254
0.003905438100022996
0.02919989824380444
0.07149628571146215
0.4014437566521782
0.06392903822222995
0.004180115904132678
0.09142322339563295
0.09947654666746834
0.010349512067422914
0.009713034600528012
0.012052315762645106
0.0020395213845590446
0.09568859858316345
0.17295142863735313
0.09555884261262608
0.012177442849321011
0.0432152315679985
0.056609092181816624
0.14036022188186634
0.018728507692671547
0.13726046301741995
0.11973591788451424
0.012652872051047643
0.0018036031326033948
0.3311616584599011
0.014901163533826832
0.0358987779562976
0.21338779095368904
0.08560104133674978
0.04307706487886034
0.060108269476907394
0.12030802773790478
0.017954791887573582
0.21328083997157796
0.36576313059465626
0.05635248342903666
0.060685546678171366
0.32221301617254955
0.10263553422816607
0.07267880985830576
0.06699941493262572
0.01936714121584598
0.015578861149076481
0.043195987800714916
0.21763789662922545
0.25988911735374426
0.32995878767589515
0.22843249260054355
0.20023585228284502
0.016321850312163468
0.053595818863543344
0.057142841332083444
0.3902303562065382
0.009232083207980695
0.07186477414905373
0.14636718939659554
0.15878394638683965
0.006604791243273263
0.12891305404035566
0.10141228075728033
0.07402528551633407
0.28503149877421796
0.08484878645564282
0.10870998746600856
0.045772525757739775
0.08821131167669147
0.05801889472324093
0.03801499979338556
0.34641927623873225
0.215698549750281
0.10524261595867548
0.03188021647209937
0.10386032664649243
0.08947858978668752
0.10774907385686745
0.010001288238692117
0.03854941748798836
0.19779469132345068
0.28504236839531355
0.004363051991940477
0.041663119447141767
0.011616061239867134
0.09706620192712827
0.001276928770487498
0.12005977571971471
0.18141713080499722
0.10468072659979111
0.042303244927741596
0.08907641487090723
0.20681483325145011
0.19613575817472548
0.1111330959845321
0.006275714135170901
0.34192242181814303
0.005023905777687398
0.23841982202427603
0.00043926634227804814
0.2253456831703864
0.13488100704384906
0.06337710106932895
0.07444989765865481
0.10215702179362661
0.25732634245379477
0.303906610726801
0.1342213561132033
0.013244818434323938
0.1688616105510575
0.15070185408027081
0.28576709980979587
0.0660364704384042
0.0039007063321085432
0.08417511576705253
0.04457099252639745
0.0075334816194312666
0.41007895213146117
0.01475824976929059
0.08939431420330977
0.01907232470535022
0.03818185170068366
0.007377436988260166
0.0831981971916696
0.09939202698563045
0.183802985945279
0.0837404529187696
0.05292003231867786
0.12266504848235925
0.27554066560321766
0.04472987322460026
0.12282344133189652
0.01046167651379096
0.11513780734233765
0.028110967629990064
0.43754436044292266
0.0367188176069639
0.038093949157197805
0.0684936498514402
0.03538929126855875
0.08586885086778458
0.40890815095927
0.06873086381202553
0.018254525873839796
0.1448022541341972
0.06746217862973605
0.004382857534783964
0.10471657758551067
0.19917607014040115
0.03118188805642341
0.06649151223373216
0.04259036171532487
0.16821734139496825
0.12887230459544338
0.21709142930451153
0.14639497562299353
0.12889531875514645
0.10915574789863827
0.0862272338060441
0.23207937297369569
0.25764616152597475
0.15625197584847061
0.23401284525661514
0.05621540257189546
0.13673585606525113
0.036260496421902565
0.08943772722252748
0.279304950399521
0.008764130671273606
0.08957524774269626
0.1001844149856973
0.17319335119331844
0.02436741576025174
0.08990629763936059
0.06595136597026156
0.0814329574387445
0.2687405262513391
0.2709493055813164
0.27637547295300763
0.11221577146950319
0.042085834328103644
0.07142855680744908
0.04818558331796626
0.012915737124360744
0.10855365830438689
0.1930467165793547
0.04663986254563515
0.03522327841525287
0.13877402763200195
0.14213061638105282
0.024226718087147298
0.0006549600038681272
0.01797448217580106
0.049886344026450834
0.20070986329448384
0.17878612283103965
0.24622763405988515
0.049158116863813814
0.09321177530533403
0.10118160149459661
0.0033740112324297648
0.047880249293262886
0.08606309701827933
0.059238989479760897
0.04207938512169346
0.134545531075368
0.1696438541704461
0.1557327763062345
0.19200191666493266
0.039625860551765035
0.06115702531458746
0.08594531028682258
0.07062936408030439
0.04172038622488971
0.1227027351622342
0.0024542132458564916
0.05416768452215627
0.018381372373103725
0.009010933835716588
0.03863533808835782
0.156277455530982
0.032518236857381706
0.02467187347326985
0.3056447330123555
0.03253298993670716
0.27621678743191036
0.0410405173179846
0.03794911218273764
0.10637859086096624
0.028532112041562432
0.17882952787591702
0.13303083178475608
0.046802162649882656
0.12537888085685683
0.22057670505733173
0.037322273955166
0.001792593231114646
0.06185664877706875
0.048004966172168956
0.056943899354874344
0.018398431519442357
0.020766243751012974
0.07936101668090106
0.013846755237612338
0.13880685388824116
0.25350939870501005
0.24252724088330552
0.04378824014900154
0.5933938083337241
0.031145008035050516
0.033850087064813926
0.009631986788443155
0.1758611000141146
0.006744841893551415
0.23022517945740933
0.032306500275139684
0.012333432172629683
0.19823166750982343
0.06741290274508752
0.18589175822583087
0.016138847772728452
0.1345202332580949
0.08653402503984789
0.12470610854383918
0.17060747416844338
0.11416222389285212
0.028016872162454316
0.021593628428376505
0.005729700329950712
0.3598132293222148
0.17534342241526693
0.04662434265504245
0.0024633421951508134
0.010372746195621146
0.036271144697475936
0.03719931077058318
0.0035071271658802953
0.02448681888772075
0.2608623403399686
0.027757399300277465
0.00040811338364622426
0.1319245383871457
0.08941236836651541
0.014409112082373233
0.0655057917752084
0.1630009232693246
0.03655673269477259
0.07616372550019447
0.01765851243542616
0.0018560429872767467
0.2532364670320089
0.04013239543465533
0.09529614474362824
0.09470302154171023
0.33315505340688256
0.028814606022968692
0.06749072550305028
0.13845702057038708
0.09139005765549765
0.17183679252987444
0.025023697433895153
0.22936974838875823
0.25875389434473445
0.009617569974384167
0.26531067226525734
0.09860117226773121
0.007098939177000785
0.0765804576857689
0.0393063118352977
0.1040681073891787
0.07777123480903367
0.07476483760909097
0.07258352177173658
0.07170662892564647
0.22343192040101822
0.07802368094618199
0.1364062052957292
0.19959762280424279
0.08910650924800656
0.221223642193864
0.41710330779864596
0.13672003485292913
0.052535517186397644
0.10415870069414995
0.00397499924631592
0.04360906536700679
0.03767989374889229
0.018513886821190203
0.05114164354979717
0.24085330564959123
0.08266551166538819
0.03122939626002501
0.04702322510059154
0.08729784563042776
0.15059393648812794
0.01646663080919302
0.06732436299372858
0.10388929607238645
0.13737066845424453
0.33532560363472746
0.07654921648345478
0.010862565618702042
0.007704935562449349
0.006698719498639257
0.075411048283886
0.1410823152521377
0.02862412248484092
0.05811361614613933
0.23165550430379708
0.124896266725467
0.007618389282102481
0.10441321325882905
0.006088808738741001
0.01202586269758693
0.13314797765372763
0.20678946210236077
0.13188166193643402
0.09954997193405071
0.08958413918665312
0.05765413724357197
0.026700673598153542
0.08381456462153963
0.060571240400535735
0.020297508723278204
0.005679491734052304
0.5865680308310554
0.17564317392093554
0.04523843602671182
0.029363565575773007
0.10170490681186722
0.40821290292194173
0.10174079019327086
0.10741942082347333
0.02244052005940915
0.09607556174781332
0.08685359248987534
0.17245281135061247
0.4649185161051578
0.02161785459136093
0.10657910877661565
0.004829248326983949
0.10954099718086495
0.07456220591060413
0.15954529856857302
0.05442662560798738
0.27110539268510864
0.09269975553192568
0.018787677487636018
0.07804172714456642
0.026241501681703035
0.16531053155848027
0.19202720929270362
0.15632570745226365
0.028761612382538382
0.11177417907322516
0.07876017804835915
0.3270177744395302
0.00994405089130535
0.11117202647777702
0.0029849294853376393
0.4090390894686058
0.1720260304622086
0.08625751514933402
0.09381648903668183
0.09849291167345442
0.018267478757077425
0.001531864075816926
0.07807065367643824
0.047273742596814834
0.026635230616725555
0.029205504127623228
0.0233654582227239
0.34821564331065297
0.24457093358934487
0.15078185895542734
0.06847888699970835
0.03513136036906889
0.04960619547299675
0.2330234469504597
0.03842497334045173
0.056565447372315114
0.09593212787267592
0.11750194082094906
0.017129930750741908
0.07729491040740942
0.1530295141402896
0.17852571209691948
0.28999383838858334
0.037121287877296176
0.10640087620478728
0.07498787788070901
0.1278309387893969
0.04226071463947397
0.0036298174082614616
0.09241964586546948
0.010973837337104093
0.10122036688108718
0.07789738700876583
0.05469925168185533
0.04410061705468559
0.0951031676657935
0.012898463980592323
0.056912618999464204
0.0404038906855081
0.13909257562825772
0.01014396972397069
0.06460773509594141
0.24588868853420742
0.1825121635340245
0.0077181284015712176
0.022644678023650923
0.12727049656077905
0.002694947858296341
0.09318029094619351
0.02125683182901582
0.032620603730194965
0.2700835006247777
0.10016319716404885
0.07712389457168917
0.11217925117244801
0.18861752119441977
0.024351557002007508
0.1513267160065312
0.04922847278358135
0.38485729126739315
0.18599725066453365
0.01159163503573945
0.01448704404488411
0.0329593959629591
0.06899580657713981
0.5091857557314777
0.06427243912916752
0.03138667701308381
0.01754860219605257
0.08094611205859399
0.12196364130145841
0.014408274113250253
0.07002251321442428
0.1559864814898731
0.07715262168942955
0.06820291732771194
0.03288747709992839
0.07364722316647541
0.015971166330405556
0.09189901913173745
0.20069774249404723
0.00047014658198449814
0.00031579195921310754
0.09160951106669579
0.2833696976752182
0.11225356129186065
0.030845453281331606
0.0972518886042287
0.02145913598679984
0.06259275947258502
0.11277944553266515
0.04938830082243658
0.030669309157688486
0.021817981418227394
0.09107899483901946
0.0836934302511663
0.09689235294794812
0.045574736260745964
0.04919417059912105
0.16012242931754003
0.28147529379887165
0.015442680950487779
0.03455546602917714
0.02742360047109932
0.10528647020740325
0.03774892343570027
0.053155490624817704
0.007061643220571405
0.05603821095645445
0.030376235207330106
0.4076015516202768
0.5455673965379323
0.2656102949496312
0.03311646848009472
0.026060304567677762
0.017924992742142452
0.051128856341768114
0.2322282505993768
0.1959257919576689
0.2079820918585288
0.18294038688514336
0.1697106079421921
0.004598703192343363
0.052900180818029774
0.07035924721830783
0.015516325018658711
0.0423555363566101
0.012859144689415836
0.0594461610432698
0.050013946769559385
0.012849916981088753
0.007089511446513465
0.052760947247665196
0.1009620275367066
0.18666553503984062
0.1732950587033395
0.11946295281250169
0.07717320706069135
0.12752314513442384
0.0006267575795912304
0.058235174736444406
0.08943717450928375
0.15303954253877014
0.17251649974362943
0.2025258380008939
0.15264151997677367
0.21798942012388067
0.17790434591900192
0.04608493889278024
0.14081710748840015
0.07094227957089057
0.049118278242188874
0.23132801467802644
0.056805783769284905
0.012345535153425766
0.2470616643196153
0.21100171931317557
0.00533127644429367
0.07235953066992172
0.002746960067757287
0.02414102815963237
0.024941721776904804
0.24372645643949384
0.0020761025385826934
0.06786764118873873
0.1788114962089257
0.08802743222736281
0.03116238479398278
0.09061057437192277
0.01099770282868738
0.4797104865956796
0.2786029655433839
0.10455488877520734
0.21344215011846407
0.05545727013661855
0.11274211609009084
0.024373439595903212
0.1521996446096402
0.002578926008380337
0.05349555064296474
0.07461669662316513
0.02274987750238515
0.14792957182789682
0.05372636404011935
0.044228377620116256
0.16258278327386586
0.16286598374289715
0.03216240454455812
0.049598266616257734
0.1715794674034008
0.11751146874591385
0.07771754769270445
0.07749824383209247
0.0283713501544815
0.13227654910566666
0.06606878576545762
0.022656396489568326
0.6245769661743565
0.0110752239621487
0.02099342223021966
0.1744974679952463
0.04799722656056896
0.11560725365442746
0.06115775497995451
0.23610293203282115
0.14620706312510015
0.12045166884148317
0.08740399041746817
0.1306270082831201
0.07568906297615714
0.3065953017882591
0.009813621911756616
0.03435255471741613
0.06625147452409412
0.21653659839881137
0.014537087449897927
0.025125986216076146
0.18818462088009816
0.1666798294527769
0.5188441842811395
0.04864767685304116
