0.03315391081890366
0.19423524733872485
0.22940479102760525
0.19084197691705285
0.07774060262746249
0.06975409674598496
0.21704785545406832
0.1517768314835239
0.09145869359375865
0.028696586932940374
0.07915949754272762
0.05951666053190413
0.061827495237059986
0.12157814216756686
0.10588673207631727
0.21015730109751593
0.07959613989187604
0.36786770265978463
0.08789217268106136
0.10534165114167109
0.21522039919790237
0.0013228314516645196
0.2220359673049201
0.0578469579451519
0.008568059269173178
0.1610471106088663
0.24957938667280632
0.06550036958966952
0.015069362066760498
0.3168675888235969
0.10252364135279125
0.12275163134931243
0.5675439385308633
0.12887268625635778
0.026923563575265902
0.0768958085190235
0.06327356215403643
0.15307990518762102
0.03729253805717826
0.44187908225131756
0.09038261880604125
0.12069921172973594
0.08958967769678368
0.19241222307820435
0.05471409560776281
0.17286820246868176
0.0016235241450810265
0.2911814127448889
0.13403739111742372
0.17828253753959067
0.007447121420239087
0.01595247178971736
0.6206168353337351
0.26607264022675003
0.3392345910522087
0.929791487204339
0.2022189371076293
0.033994030395191326
0.05976021962368847
0.03537880870003378
0.02542722700235982
0.27954701644164337
0.12307179031022179
0.2663138553665787
0.11427948385557292
0.01963280506688228
0.11128322873118539
0.052244767017512926
0.013358117634832764
0.0752654033361463
0.14585770799757097
0.01250815679661194
0.0962308365462313
0.16498138616881106
0.19330837955127525
0.04757831129591216
0.20777432979422428
0.31969520770459986
0.03347466116936472
0.4410742633491749
0.014011242369523254
0.07717357340936166
0.05726802250913745
0.030860911029238325
0.15178452345963359
0.22953916982924802
0.07503470463981277
0.035935576318343834
0.14805894693897356
0.13955848452078706
0.14058829756219351
0.06960741276980954
0.27216381487278435
0.11680242802471778
0.06239761293906512
0.026134274739308613
0.27153963829221484
0.1272100311747373
0.17360153183895816
0.05145687798013493
0.07641517997136937
0.11242286149338582
0.0893636716670819
0.030185368857227314
0.13474907817559142
0.09627270390735848
0.007943244440079128
0.23797346272309772
0.16105001959186982
0.04629703157049113
0.22566195460205135
0.05317131119641461
0.07007012934424033
0.004199185045162419
0.07684828857881598
0.13934435120702787
0.18138419089619615
0.2124495025816998
0.005308296757908091
0.3645477314559168
0.05260161362366951
0.039962194929677404
0.31114945948520956
0.002157810055526623
0.05670616993590956
0.011014369836190125
0.10317342714564548
0.5364164819974444
0.03993929176806147
0.01616379297063523
0.21987882429035593
0.028195305368680618
0.09457640400578744
0.3549306556046603
0.12323484566673044
0.06639361419268287
0.03301409298502347
0.18550970603014164
0.18838571599504006
0.6129741284606819
0.10187658850613279
0.07091556322107062
0.04697248921336461
0.20668381236225378
0.1735175371036104
0.06344692814454235
0.022079792136556496
0.009634551060279758
0.24772685842153547
0.13260542311275753
0.013479849953642844
0.041519899750134565
0.35944915053628856
0.10030615582276808
0.031968192144017325
0.06285293446806624
0.07238023379776083
0.21223698310204706
0.2524371325583465
0.08081718736871626
0.025857781500309852
0.34595477148640513
0.028562328302707322
0.05705495523992585
0.04881394115457694
0.3673551938347005
0.4699342041170615
0.0065613437834650045
0.36114107182860405
0.2341837572806616
0.13600181793951607
0.33101312395316645
0.1140430188230449
0.03938602134297125
0.034597673149964
0.034301632940165735
0.29122703945484507
0.2902722051264156
0.4104656842501134
0.22133052079621052
0.048636467932610804
0.02199875604893999
0.02089207568430405
0.12726558845741687
0.26852464894071787
0.3873169087659737
0.031977746290739587
0.042382499450896845
0.02967952517222827
0.015474534101602983
0.04237948633955633
0.04306087071866721
0.05698643232231569
0.1885105499114735
0.08677540491734251
0.13813165378621403
0.1559862225623515
0.15940225690004955
0.14102695263310888
0.12844286546251013
0.006541109027157563
0.20251189516878426
0.14009877363800954
0.07307687512212718
0.006976916735997011
0.0384781218724035
0.032696847031490714
0.0817368759887734
0.005052013247007884
0.28720027917300106
0.09651071456093833
0.18936702883376227
0.12087742763228106
0.06476164855507884
0.5595592211485307
0.16246556806558698
0.064920483071983
0.1317486853214321
0.10175007817040668
0.3913364331235134
0.2996288474746287
0.301608397856353
0.03419984714669253
0.09818282707403785
0.1254647751738959
0.2735676032939756
0.03592059581700105
0.04667538842788415
0.11088047205315002
0.148721567676467
0.006282293859355517
0.2537137439430528
0.03625746725760039
0.12918209429353975
0.3445720378714232
0.005225485614089028
0.23954613629959762
0.09578419419673696
0.05991824204973422
0.07111604545943791
0.019267481815883544
0.14632946648144726
0.24057587589824997
0.042856296539592914
0.07182701491198965
0.3714386316285418
0.0018176417407309582
0.1544328326948801
0.25698113794096294
0.178970735662797
0.0652030095021579
0.07299515747364572
0.17614330106467954
0.05367846731338371
0.014999624764509263
0.3557929944117526
0.007971847615498507
0.11474901063777802
0.0516252608481336
0.3204919730255072
0.027266653727505884
0.3297513993529849
0.16641260780407852
0.016234139589317857
0.11041580302133297
0.11969642295166899
0.03724599975476981
0.06002848639095747
0.2965638880411274
0.0872400917072429
0.05311463633499555
0.03844752337498579
0.2942656963109885
0.0033587556432466857
0.068932918876739
0.09619746369998576
0.5799308224957594
0.3239194588594277
0.08232753491531787
0.014033197261169215
0.045762743621237056
0.00031006732497810137
0.09440866937434081
0.024197907513529036
0.09961868669309856
0.04860336042447113
0.12040640774653327
0.04547965683111638
0.20145870387234852
0.054671813258459025
0.1389740544846594
0.0005501445562630861
0.14384494977887147
0.13800574284204048
0.056451812432511746
0.056429192525516585
0.2577712703973036
0.08397070934887407
0.014742750751995874
0.19463897802219024
0.02527749027427195
0.3039346949379834
0.1401138081619239
0.45110481173426586
0.02298077581155135
0.11186039943339388
0.3434805481659391
0.10016668653568557
0.29243129428448905
0.026459605079806308
0.2733604661404197
0.008585176288938227
0.1394942081262325
0.0819335306749466
0.4949238330333362
0.13794724070218323
0.28730348238738435
0.10657022307751106
0.027206869300697396
0.07153987883840082
0.027044672133347318
0.042115461672582934
0.035570882081575245
0.03005892032776899
0.0949552935741617
0.02800780626422553
0.04003532236048948
0.016941997956543
0.06778086272170915
0.0004665533030558198
0.0647387843105501
0.03777990094790533
0.02527542144750847
0.05356389786067405
0.04875259606072988
0.00986758591570655
0.13066378543959292
0.037401857626317536
0.26703927269372224
0.21266889665623526
0.11696944882106432
0.06592878518377983
0.2975062968954322
0.19363932705625592
0.00501957393317973
0.15615626588879442
0.21662523065881145
0.025186229726090324
0.07678459831688547
0.10203779171429794
0.07487952070449515
0.3034031690815406
0.0008155497797022333
0.26759927502531394
0.0030732777160225704
0.12287022506845635
0.0590404376708538
0.026060696527728293
0.04674406677596119
0.0754489623138902
0.23388901131013337
0.07013165435246112
0.18169356426628844
0.12461750053512209
0.0966721954801909
0.06797813402390745
0.0505101482618085
0.027431836438477908
0.01133249783670617
0.10763681647377388
0.049956483572566844
0.5124492709108875
0.07398332016928177
0.5625688839163971
0.0004140694710635083
0.17266969547837774
0.5178222041192532
0.004881797625028745
0.03649987280475555
0.08937035713932769
0.5018046958152227
0.07991129777778744
0.0052251448801658475
0.11427902924454118
0.12434568333433542
0.012936890084278643
0.012141293250660014
0.015065394703306381
0.0025494017306988055
0.1196107482289543
0.2161892857966914
0.11944855326578259
0.015221803561651263
0.05401903945999812
0.07076136522727078
0.1754502773523329
0.023410634615839435
0.17157557877177493
0.1496698973556428
0.015816090063809553
0.0022545039157542434
0.4139520730748763
0.018626454417283538
0.044873472445372
0.2667347386921113
0.10700130167093722
0.053846331098575416
0.07513533684613424
0.15038503467238096
0.022443489859466977
0.2666010499644724
0.45720391324332027
0.07044060428629582
0.0758569333477142
0.4027662702156869
0.1282944177852076
0.09084851232288219
0.08374926866578215
0.024208926519807474
0.0194735764363456
0.05399498475089364
0.2720473707865318
0.3248613966921803
0.41244848459486894
0.2855406157506794
0.25029481535355624
0.020402312890204333
0.06699477357942918
0.0714285516651043
0.4877879452581727
0.01154010400997587
0.08983096768631717
0.18295898674574443
0.19847993298354955
0.008255989054091578
0.16114131755044456
0.1267653509466004
0.09253160689541758
0.35628937346777245
0.10606098306955353
0.1358874843325107
0.05721565719717472
0.11026413959586433
0.07252361840405115
0.047518749741731946
0.4330240952984153
0.2696231871878512
0.13155326994834435
0.03985027059012421
0.12982540830811554
0.11184823723335939
0.1346863423210843
0.012501610298365145
0.04818677185998545
0.24724336415431333
0.35630296049414195
0.005453814989925597
0.05207889930892721
0.014520076549833916
0.12133275240891032
0.0015961609631093723
0.1500747196496434
0.22677141350624652
0.13085090824973888
0.052879056159676995
0.11134551858863403
0.25851854156431264
0.24516969771840683
0.13891636998066512
0.007844642668963626
0.42740302727267876
0.006279882222109247
0.298024777530345
0.0005490829278475602
0.281682103962983
0.1686012588048113
0.07922137633666118
0.09306237207331851
0.12769627724203325
0.3216579280672434
0.3798832634085012
0.16777669514150412
0.016556023042904922
0.21107701318882185
0.18837731760033852
0.35720887476224483
0.08254558804800524
0.004875882915135679
0.10521889470881565
0.05571374065799681
0.009416852024289083
0.5125986901643265
0.01844781221161324
0.11174289275413721
0.023840405881687773
0.04772731462585457
0.009221796235325206
0.10399774648958698
0.12424003373203805
0.22975373243159872
0.10467556614846199
0.06615004039834732
0.15333131060294905
0.34442583200402205
0.055912341530750316
0.15352930166487064
0.0130770956422387
0.14392225917792206
0.03513870953748758
0.5469304505536533
0.04589852200870487
0.047617436446497255
0.08561706231430025
0.044236614085698435
0.10733606358473072
0.5111351886990875
0.08591357976503192
0.022818157342299746
0.1810028176677465
0.08432772328717006
0.005478571918479955
0.13089572198188834
0.2489700876755014
0.03897736007052926
0.0831143902921652
0.05323795214415608
0.2102716767437103
0.16109038074430423
0.2713642866306394
0.1829937195287419
0.16111914844393305
0.13644468487329783
0.10778404225755513
0.2900992162171196
0.3220577019074684
0.19531496981058827
0.2925160565707689
0.07026925321486932
0.1709198200815639
0.0453256205273782
0.11179715902815934
0.3491311879994013
0.010955163339092008
0.11196905967837033
0.12523051873212163
0.21649168899164803
0.030459269700314675
0.11238287204920072
0.08243920746282694
0.10179119679843061
0.33592565781417383
0.3386866319766455
0.34546934119125955
0.140269714336879
0.05260729291012955
0.08928569600931135
0.06023197914745782
0.01614467140545093
0.1356920728804836
0.24130839572419338
0.05829982818204394
0.044029098019066085
0.17346753454000244
0.177663270476316
0.03028339760893412
0.0008187000048351589
0.022468102719751325
0.06235793003306354
0.2508873291181048
0.22348265353879954
0.30778454257485643
0.061447646079767264
0.11651471913166753
0.12647700186824576
0.004217514040537206
0.059850311616578604
0.10757887127284915
0.07404873684970112
0.052599231402116815
0.16818191384421
0.21205481771305762
0.1946659703827931
0.2400023958311658
0.049532325689706294
0.07644628164323432
0.10743163785852822
0.08828670510038049
0.05215048278111213
0.15337841895279275
0.003067766557320614
0.06770960565269533
0.022976715466379655
0.011263667294645735
0.04829417261044727
0.19534681941372747
0.04064779607172713
0.030839841841587314
0.3820559162654444
0.04066623742088395
0.34527098428988795
0.05130064664748075
0.04743639022842205
0.1329732385762078
0.03566514005195304
0.22353690984489627
0.1662885397309451
0.05850270331235332
0.15672360107107103
0.27572088132166467
0.046652842443957496
0.0022407415388933072
0.07732081097133593
0.060006207715211195
0.07117987419359292
0.022998039399302946
0.025957804688766215
0.09920127085112632
0.017308444047015422
0.17350856736030143
0.3168867483812626
0.3031590511041319
0.054735300186251924
0.7417422604171551
0.03893126004381314
0.0423126088310174
0.012039983485553943
0.2198263750176432
0.008431052366939269
0.28778147432176165
0.0403831253439246
0.015416790215787103
0.24778958438727927
0.08426612843135939
0.23236469778228858
0.020173559715910564
0.1681502915726186
0.10816753129980985
0.15588263567979896
0.21325934271055422
0.14270277986606514
0.035021090203067894
0.026992035535470627
0.007162125412438389
0.4497665366527685
0.21917927801908366
0.058280428318803056
0.0030791777439385165
0.012965932744526431
0.04533893087184492
0.04649913846322897
0.004383908957350369
0.03060852360965094
0.3260779254249607
0.03469674912534683
0.0005101417295577803
0.16490567298393213
0.11176546045814426
0.01801139010296654
0.0818822397190105
0.20375115408665576
0.045695915868465734
0.09520465687524308
0.0220731405442827
0.0023200537340959332
0.31654558379001113
0.05016549429331915
0.1191201809295353
0.11837877692713779
0.4164438167586032
0.036018257528710865
0.08436340687881284
0.17307127571298384
0.11423757206937206
0.21479599066234303
0.03127962179236894
0.2867121854859478
0.3234423679309181
0.012021962467980207
0.33163834033157163
0.12325146533466401
0.008873673971250981
0.09572557210721112
0.04913288979412213
0.13008513423647336
0.09721404351129208
0.09345604701136372
0.09072940221467071
0.08963328615705808
0.2792899005012728
0.09752960118272748
0.17050775661966147
0.24949702850530348
0.1113831365600082
0.27652955274233
0.5213791347483074
0.1709000435661614
0.06566939648299705
0.13019837586768743
0.0049687490578948995
0.05451133170875848
0.047099867186115356
0.02314235852648775
0.06392705443724646
0.301066632061989
0.10333188958173523
0.039036745325031263
0.05877903137573942
0.1091223070380347
0.18824242061015992
0.020583288511491275
0.08415545374216073
0.12986162009048305
0.17171333556780566
0.4191570045434093
0.09568652060431847
0.013578207023377552
0.009631169453061686
0.00837339937329907
0.09426381035485751
0.17635289406517213
0.03578015310605115
0.07264202018267416
0.28956938037974633
0.15612033340683373
0.0095229866026281
0.1305165165735363
0.007611010923426251
0.01503232837198366
0.16643497206715951
0.25848682762795094
0.16485207742054253
0.12443746491756338
0.11198017398331639
0.07206767155446496
0.033375841997691925
0.10476820577692453
0.07571405050066966
0.025371885904097752
0.00709936466756538
0.7332100385388192
0.21955396740116942
0.056548045033389775
0.036704456969716255
0.12713113351483402
0.5102661286524272
0.12717598774158856
0.13427427602934167
0.028050650074261437
0.12009445218476664
0.10856699061234418
0.21556601418826557
0.5811481451314472
0.027022318239201162
0.13322388597076956
0.006036560408729936
0.13692624647608118
0.09320275738825515
0.19943162321071625
0.06803328200998422
0.3388817408563858
0.1158746944149071
0.023484596859545022
0.09755215893070801
0.03280187710212879
0.20663816444810032
0.2400340116158795
0.19540713431532955
0.03595201547817298
0.13971772384153144
0.09845022256044893
0.40877221804941266
0.012430063614131686
0.13896503309722127
0.003731161856672049
0.5112988618357572
0.21503253807776074
0.10782189393666752
0.11727061129585228
0.12311613959181802
0.02283434844634678
0.0019148300947711575
0.0975883170955478
0.05909217824601854
0.03329403827090694
0.036506880159529034
0.029206822778404872
0.4352695541383162
0.30571366698668107
0.18847732369428416
0.08559860874963543
0.04391420046133611
0.06200774434124594
0.2912793086880746
0.04803121667556466
0.07070680921539389
0.1199151598408449
0.1468774260261863
0.021412413438427383
0.09661863800926176
0.19128689267536197
0.22315714012114934
0.36249229798572913
0.04640160984662022
0.13300109525598408
0.09373484735088626
0.1597886734867461
0.05282589329934246
0.0045372717603268265
0.11552455733183685
0.013717296671380115
0.12652545860135897
0.09737173376095729
0.06837406460231917
0.055125771318356984
0.11887895958224187
0.016123079975740404
0.07114077374933025
0.05050486335688512
0.17386571953532215
0.012679962154963361
0.08075966886992675
0.30736086066775925
0.2281402044175306
0.009647660501964021
0.028305847529563652
0.1590881207009738
0.003368684822870426
0.11647536368274188
0.026571039786269776
0.040775754662743705
0.33760437578097213
0.12520399645506106
0.09640486821461144
0.14022406396556
0.2357719014930247
0.030439446252509383
0.18915839500816398
0.06153559097947668
0.48107161408424143
0.23249656333066704
0.014489543794674313
0.018108805056105137
0.04119924495369887
0.08624475822142476
0.6364821946643472
0.0803405489114594
0.03923334626635476
0.021935752745065713
0.10118264007324249
0.152454551626823
0.018010342641562815
0.08752814151803034
0.19498310186234136
0.09644077711178692
0.08525364665963993
0.04110934637491049
0.09205902895809427
0.019963957913006945
0.11487377391467181
0.250872178117559
0.0005876832274806226
0.0003947399490163844
0.11451188883336974
0.35421212209402275
0.1403169516148258
0.038556816601664504
0.12156486075528587
0.026823919983499797
0.07824094934073128
0.14097430691583143
0.06173537602804572
0.038336636447110606
0.02727247677278424
0.11384874354877432
0.10461678781395786
0.12111544118493514
0.05696842032593245
0.06149271324890131
0.20015303664692502
0.35184411724858955
0.019303351188109722
0.043194332536471425
0.03427950058887415
0.13160808775925406
0.04718615429462534
0.06644436328102213
0.008827054025714256
0.07004776369556806
0.03797029400916263
0.509501939525346
0.6819592456724153
0.33201286868703894
0.0413955856001184
0.0325753807095972
0.022406240927678064
0.06391107042721014
0.29028531324922097
0.2449072399470861
0.259977614823161
0.22867548360642917
0.2121382599277401
0.005748378990429203
0.06612522602253722
0.08794905902288479
0.01939540627332339
0.05294442044576262
0.016073930861769795
0.07430770130408725
0.06251743346194923
0.01606239622636094
0.008861889308141831
0.06595118405958149
0.12620253442088325
0.23333191879980075
0.21661882337917437
0.1493286910156271
0.09646650882586418
0.15940393141802978
0.000783446974489038
0.07279396842055551
0.11179646813660468
0.19129942817346265
0.21564562467953677
0.2531572975011174
0.19080189997096708
0.2724867751548508
0.22238043239875238
0.057606173615975295
0.1760213843605002
0.0886778494636132
0.06139784780273609
0.289160018347533
0.07100722971160613
0.015431918941782207
0.3088270803995191
0.26375214914146944
0.006664095555367087
0.09044941333740215
0.0034337000846966083
0.030176285199540465
0.031177152221131006
0.3046580705493673
0.0025951281732283665
0.0848345514859234
0.2235143702611571
0.11003429028420351
0.03895298099247847
0.11326321796490345
0.013747128535859226
0.5996381082445995
0.34825370692922986
0.13069361096900917
0.2668026876480801
0.06932158767077319
0.14092764511261355
0.030466799494879016
0.19024955576205024
0.003223657510475421
0.06686943830370592
0.0932708707789564
0.028437346877981436
0.184911964784871
0.06715795505014918
0.05528547202514532
0.2032284790923323
0.20358247967862142
0.04020300568069765
0.06199783327032216
0.214474334254251
0.1468893359323923
0.09714693461588055
0.09687280479011558
0.035464187693101876
0.16534568638208333
0.08258598220682202
0.028320495611960404
0.7807212077179456
0.013844029952685874
0.026241777787774572
0.21812183499405785
0.0599965332007112
0.14450906706803432
0.07644719372494313
0.2951286650410264
0.18275882890637518
0.15056458605185397
0.10925498802183521
0.1632837603539001
0.09461132872019642
0.38324412723532386
0.01226702738969577
0.04294069339677016
0.08281434315511764
0.2706707479985142
0.018171359312372407
0.03140748277009518
0.2352307761001227
0.2083497868159711
0.6485552303514244
0.060809596066301444
