0.2652312865512293
1.5538819787097988
1.835238328220842
1.5267358153364228
0.6219248210196999
0.5580327739678796
1.7363828436325466
1.214214651868191
0.7316695487500692
0.229572695463523
0.633275980341821
0.47613328425523305
0.4946199618964799
0.9726251373405349
0.8470938566105382
1.6812584087801274
0.6367691191350083
2.942941621278277
0.7031373814484909
0.8427332091333687
1.721763193583219
0.010582651613316157
1.7762877384393607
0.4627756635612152
0.06854447415338542
1.2883768848709305
1.9966350933824506
0.5240029567173562
0.12055489653408398
2.534940710588775
0.82018913082233
0.9820130507944994
4.540351508246906
1.0309814900508623
0.21538850860212722
0.615166468152188
0.5061884972322914
1.2246392415009681
0.2983403044574261
3.5350326580105405
0.72306095044833
0.9655936938378875
0.7167174215742694
1.5392977846256348
0.4377127648621025
1.382945619749454
0.012988193160648212
2.329451301959111
1.0722991289393897
1.4262603003167253
0.059576971361912694
0.12761977431773888
4.964934682669881
2.1285811218140003
2.7138767284176697
7.438331897634712
1.6177514968610345
0.2719522431615306
0.4780817569895078
0.28303046960027023
0.20341781601887857
2.236376131533147
0.9845743224817743
2.1305108429326296
0.9142358708445834
0.15706244053505825
0.8902658298494831
0.4179581361401034
0.10686494107866211
0.6021232266891704
1.1668616639805678
0.10006525437289553
0.7698466923698504
1.3198510893504884
1.546467036410202
0.3806264903672973
1.6621946383537942
2.557561661636799
0.26779728935491776
3.528594106793399
0.11208993895618603
0.6173885872748933
0.4581441800730996
0.2468872882339066
1.2142761876770687
1.8363133586339841
0.6002776371185021
0.2874846105467507
1.1844715755117885
1.1164678761662965
1.1247063804975481
0.5568593021584763
2.177310518982275
0.9344194241977423
0.499180903512521
0.2090741979144689
2.1723171063377187
1.0176802493978985
1.3888122547116653
0.41165502384107944
0.611321439770955
0.8993828919470865
0.7149093733366552
0.2414829508578185
1.0779926254047314
0.7701816312588678
0.06354595552063302
1.9037877017847817
1.2884001567349586
0.37037625256392903
1.8052956368164108
0.4253704895713169
0.5605610347539226
0.033593480361299353
0.6147863086305279
1.114754809656223
1.4510735271695692
1.6995960206535985
0.04246637406326473
2.9163818516473343
0.4208129089893561
0.31969755943741923
2.4891956758816765
0.017262480444212983
0.45364935948727647
0.088114958689521
0.8253874171651638
4.291331855979555
0.31951433414449176
0.12931034376508185
1.7590305943228475
0.22556244294944494
0.7566112320462995
2.8394452448372824
0.9858787653338436
0.531148913541463
0.26411274388018774
1.484077648241133
1.5070857279603205
4.903793027685455
0.8150127080490623
0.567324505768565
0.3757799137069169
1.6534704988980302
1.3881402968288832
0.5075754251563388
0.17663833709245197
0.07707640848223807
1.9818148673722837
1.0608433849020602
0.10783879962914275
0.3321591980010765
2.8755932042903085
0.8024492465821447
0.2557455371521386
0.5028234757445299
0.5790418703820867
1.6978958648163764
2.019497060466772
0.6465374989497301
0.20686225200247882
2.767638171891241
0.22849862642165858
0.4564396419194068
0.39051152923661553
2.938841550677604
3.759473632936492
0.052490750267720036
2.8891285746288324
1.8734700582452928
1.0880145435161286
2.6481049916253316
0.9123441505843592
0.31508817074377
0.276781385199712
0.2744130635213259
2.3298163156387606
2.322177641011325
3.2837254740009074
1.7706441663696841
0.38909174346088643
0.1759900483915199
0.1671366054744324
1.018124707659335
2.148197191525743
3.0985352701277895
0.2558219703259167
0.33905999560717476
0.23743620137782617
0.12379627281282386
0.3390358907164506
0.3444869657493377
0.45589145857852553
1.508084399291788
0.6942032393387401
1.1050532302897123
1.247889780498812
1.2752180552003964
1.128215621064871
1.027542923700081
0.05232887221726051
1.620095161350274
1.1207901891040764
0.5846150009770175
0.05581533388797609
0.307824974979228
0.2615747762519257
0.6538950079101872
0.04041610597606307
2.2976022333840085
0.7720857164875067
1.5149362306700982
0.9670194210582485
0.5180931884406307
4.476473769188246
1.2997245445246959
0.519363864575864
1.0539894825714569
0.8140006253632535
3.1306914649881072
2.3970307797970296
2.412867182850824
0.27359877717354025
0.7854626165923028
1.0037182013911672
2.188540826351805
0.2873647665360084
0.3734031074230732
0.8870437764252002
1.189772541411736
0.050258350874844135
2.0297099515444224
0.2900597380608031
1.033456754348318
2.7565763029713857
0.041803884912712225
1.916369090396781
0.7662735535738957
0.47934593639787376
0.5689283636755033
0.15413985452706835
1.170635731851578
1.9246070071859998
0.3428503723167433
0.5746161192959172
2.9715090530283343
0.014541133925847665
1.2354626615590407
2.0558491035277036
1.431765885302376
0.5216240760172632
0.5839612597891658
1.4091464085174363
0.42942773850706967
0.1199969981160741
2.846343955294021
0.06377478092398806
0.9179920851022242
0.4130020867850688
2.5639357842040575
0.21813322982004707
2.6380111948238794
1.3313008624326281
0.12987311671454285
0.8833264241706638
0.9575713836133519
0.2979679980381585
0.48022789112765973
2.372511104329019
0.6979207336579432
0.4249170906799644
0.3075801869998863
2.354125570487908
0.026870045145973485
0.551463351013912
0.7695797095998861
4.639446579966076
2.5913556708754215
0.658620279322543
0.11226557808935372
0.36610194896989645
0.002480538599824811
0.7552693549947265
0.1935832601082323
0.7969494935447885
0.38882688339576904
0.9632512619722662
0.363837254648931
1.6116696309787881
0.4373745060676722
1.1117924358772753
0.004401156450104689
1.1507595982309717
1.1040459427363238
0.45161449946009397
0.4514335402041327
2.0621701631784286
0.6717656747909926
0.117942006015967
1.557111824177522
0.2022199221941756
2.4314775595038673
1.1209104652953912
3.608838493874127
0.1838462064924108
0.894883195467151
2.7478443853275127
0.8013334922854846
2.3394503542759124
0.21167684063845046
2.1868837291233576
0.06868141031150582
1.11595366500986
0.6554682453995728
3.9593906642666896
1.1035779256174658
2.2984278590990748
0.8525617846200885
0.21765495440557917
0.5723190307072066
0.21635737706677854
0.33692369338066347
0.28456705665260196
0.2404713626221519
0.7596423485932936
0.22406245011380424
0.3202825788839158
0.135535983652344
0.5422469017736732
0.0037324264244465583
0.5179102744844007
0.30223920758324263
0.20220337158006776
0.4285111828853924
0.39002076848583905
0.0789406873256524
1.0453102835167434
0.2992148610105403
2.136314181549778
1.701351173249882
0.9357555905685145
0.5274302814702386
2.3800503751634574
1.5491146164500473
0.04015659146543784
1.2492501271103553
1.7330018452704916
0.2014898378087226
0.6142767865350838
0.8163023337143835
0.5990361656359612
2.4272253526523246
0.006524398237617866
2.1407942002025115
0.024586221728180563
0.9829618005476508
0.4723235013668304
0.20848557222182634
0.37395253420768954
0.6035916985111216
1.871112090481067
0.5610532348196889
1.4535485141303075
0.9969400042809767
0.7733775638415272
0.5438250721912596
0.404081186094468
0.21945469150782326
0.09065998269364936
0.861094531790191
0.39965186858053475
4.0995941672871
0.5918665613542542
4.500551071331177
0.0033125557685080662
1.381357563827022
4.142577632954025
0.03905438100022996
0.2919989824380444
0.7149628571146215
4.0144375665217815
0.6392903822222995
0.04180115904132678
0.9142322339563295
0.9947654666746834
0.10349512067422914
0.09713034600528012
0.12052315762645105
0.020395213845590444
0.9568859858316344
1.729514286373531
0.9555884261262607
0.1217744284932101
0.43215231567998497
0.5660909218181662
1.4036022188186632
0.18728507692671548
1.3726046301741994
1.1973591788451423
0.12652872051047642
0.018036031326033947
3.3116165845990104
0.1490116353382683
0.358987779562976
2.1338779095368903
0.8560104133674977
0.4307706487886033
0.6010826947690739
1.2030802773790477
0.17954791887573582
2.1328083997157794
3.657631305946562
0.5635248342903666
0.6068554667817136
3.222130161725495
1.0263553422816607
0.7267880985830575
0.6699941493262572
0.1936714121584598
0.1557886114907648
0.43195987800714913
2.1763789662922544
2.5988911735374423
3.2995878767589515
2.2843249260054352
2.00235852282845
0.16321850312163466
0.5359581886354334
0.5714284133208344
3.9023035620653816
0.09232083207980696
0.7186477414905373
1.4636718939659554
1.5878394638683964
0.06604791243273263
1.2891305404035565
1.0141228075728033
0.7402528551633406
2.8503149877421796
0.8484878645564282
1.0870998746600855
0.45772525757739774
0.8821131167669146
0.5801889472324092
0.38014999793385557
3.4641927623873223
2.1569854975028098
1.0524261595867548
0.31880216472099365
1.0386032664649243
0.8947858978668751
1.0774907385686745
0.10001288238692116
0.3854941748798836
1.9779469132345067
2.8504236839531356
0.043630519919404774
0.41663119447141767
0.11616061239867133
0.9706620192712826
0.012769287704874979
1.2005977571971471
1.8141713080499722
1.046807265997911
0.42303244927741596
0.8907641487090723
2.068148332514501
1.9613575817472546
1.111330959845321
0.06275714135170901
3.41922421818143
0.05023905777687398
2.38419822024276
0.004392663422780481
2.253456831703864
1.3488100704384904
0.6337710106932894
0.7444989765865481
1.021570217936266
2.5732634245379473
3.0390661072680096
1.342213561132033
0.13244818434323938
1.6886161055105748
1.5070185408027081
2.8576709980979587
0.6603647043840419
0.03900706332108543
0.8417511576705252
0.44570992526397446
0.07533481619431266
4.100789521314612
0.1475824976929059
0.8939431420330977
0.1907232470535022
0.38181851700683656
0.07377436988260165
0.8319819719166959
0.9939202698563044
1.8380298594527897
0.8374045291876959
0.5292003231867786
1.2266504848235924
2.7554066560321764
0.44729873224600253
1.228234413318965
0.1046167651379096
1.1513780734233765
0.28110967629990063
4.375443604429226
0.36718817606963894
0.38093949157197804
0.684936498514402
0.3538929126855875
0.8586885086778457
4.0890815095927
0.6873086381202553
0.18254525873839797
1.448022541341972
0.6746217862973605
0.04382857534783964
1.0471657758551067
1.9917607014040113
0.31181888056423407
0.6649151223373216
0.42590361715324865
1.6821734139496825
1.2887230459544339
2.170914293045115
1.4639497562299353
1.2889531875514644
1.0915574789863827
0.862272338060441
2.3207937297369567
2.5764616152597473
1.5625197584847061
2.340128452566151
0.5621540257189546
1.3673585606525112
0.3626049642190256
0.8943772722252747
2.7930495039952103
0.08764130671273607
0.8957524774269626
1.001844149856973
1.7319335119331842
0.2436741576025174
0.8990629763936058
0.6595136597026156
0.8143295743874449
2.6874052625133906
2.709493055813164
2.7637547295300764
1.122157714695032
0.4208583432810364
0.7142855680744908
0.4818558331796626
0.12915737124360743
1.0855365830438688
1.930467165793547
0.4663986254563515
0.3522327841525287
1.3877402763200195
1.421306163810528
0.24226718087147295
0.006549600038681271
0.1797448217580106
0.4988634402645083
2.0070986329448384
1.7878612283103963
2.4622763405988515
0.4915811686381381
0.9321177530533402
1.011816014945966
0.03374011232429765
0.47880249293262883
0.8606309701827932
0.592389894797609
0.4207938512169345
1.34545531075368
1.696438541704461
1.5573277630623448
1.9200191666493265
0.39625860551765035
0.6115702531458745
0.8594531028682257
0.7062936408030439
0.41720386224889705
1.227027351622342
0.024542132458564913
0.5416768452215627
0.18381372373103724
0.09010933835716588
0.3863533808835782
1.5627745553098198
0.32518236857381705
0.2467187347326985
3.056447330123555
0.3253298993670716
2.7621678743191036
0.410405173179846
0.3794911218273764
1.0637859086096624
0.2853211204156243
1.7882952787591702
1.3303083178475608
0.46802162649882656
1.2537888085685682
2.2057670505733173
0.37322273955165997
0.017925932311146458
0.6185664877706875
0.48004966172168956
0.5694389935487434
0.18398431519442357
0.20766243751012972
0.7936101668090105
0.13846755237612338
1.3880685388824114
2.5350939870501006
2.425272408833055
0.4378824014900154
5.933938083337241
0.31145008035050514
0.3385008706481392
0.09631986788443155
1.7586110001411457
0.06744841893551415
2.3022517945740932
0.3230650027513968
0.12333432172629682
1.9823166750982342
0.6741290274508751
1.8589175822583086
0.1613884777272845
1.3452023325809488
0.8653402503984788
1.2470610854383917
1.7060747416844337
1.141622238928521
0.28016872162454315
0.21593628428376502
0.05729700329950711
3.598132293222148
1.7534342241526693
0.46624342655042444
0.024633421951508132
0.10372746195621145
0.3627114469747594
0.37199310770583177
0.03507127165880295
0.24486818887720752
2.608623403399686
0.27757399300277463
0.004081133836462242
1.319245383871457
0.894123683665154
0.14409112082373232
0.655057917752084
1.630009232693246
0.36556732694772587
0.7616372550019447
0.1765851243542616
0.018560429872767466
2.532364670320089
0.4013239543465532
0.9529614474362824
0.9470302154171023
3.3315505340688256
0.2881460602296869
0.6749072550305028
1.3845702057038707
0.9139005765549765
1.7183679252987443
0.25023697433895153
2.2936974838875823
2.5875389434473446
0.09617569974384166
2.653106722652573
0.9860117226773121
0.07098939177000785
0.765804576857689
0.393063118352977
1.0406810738917869
0.7777123480903366
0.7476483760909097
0.7258352177173657
0.7170662892564647
2.2343192040101822
0.7802368094618198
1.3640620529572918
1.9959762280424278
0.8910650924800656
2.21223642193864
4.1710330779864595
1.3672003485292912
0.5253551718639764
1.0415870069414994
0.039749992463159196
0.43609065367006783
0.37679893748892285
0.185138868211902
0.5114164354979717
2.408533056495912
0.8266551166538818
0.3122939626002501
0.47023225100591537
0.8729784563042776
1.5059393648812793
0.1646663080919302
0.6732436299372858
1.0388929607238644
1.3737066845424453
3.3532560363472745
0.7654921648345477
0.10862565618702041
0.07704935562449348
0.06698719498639256
0.7541104828388601
1.410823152521377
0.2862412248484092
0.5811361614613932
2.3165550430379707
1.2489626672546699
0.0761838928210248
1.0441321325882904
0.06088808738741001
0.12025862697586928
1.3314797765372761
2.0678946210236075
1.3188166193643402
0.9954997193405071
0.8958413918665311
0.5765413724357197
0.2670067359815354
0.8381456462153962
0.6057124040053573
0.20297508723278201
0.05679491734052304
5.865680308310553
1.7564317392093554
0.4523843602671182
0.29363565575773004
1.0170490681186721
4.082129029219417
1.0174079019327085
1.0741942082347333
0.2244052005940915
0.9607556174781331
0.8685359248987534
1.7245281135061246
4.6491851610515775
0.2161785459136093
1.0657910877661565
0.04829248326983949
1.0954099718086494
0.7456220591060412
1.59545298568573
0.5442662560798738
2.7110539268510863
0.9269975553192568
0.18787677487636018
0.7804172714456641
0.26241501681703033
1.6531053155848026
1.920272092927036
1.5632570745226364
0.2876161238253838
1.1177417907322516
0.7876017804835914
3.2701777443953013
0.09944050891305349
1.1117202647777702
0.029849294853376392
4.090390894686058
1.720260304622086
0.8625751514933402
0.9381648903668183
0.9849291167345442
0.18267478757077424
0.01531864075816926
0.7807065367643824
0.47273742596814833
0.2663523061672555
0.2920550412762323
0.23365458222723898
3.4821564331065296
2.4457093358934485
1.5078185895542733
0.6847888699970834
0.35131360369068887
0.4960619547299675
2.330234469504597
0.3842497334045173
0.5656544737231511
0.9593212787267592
1.1750194082094905
0.17129930750741906
0.7729491040740941
1.5302951414028958
1.7852571209691948
2.899938383885833
0.3712128787729618
1.0640087620478726
0.7498787788070901
1.2783093878939689
0.4226071463947397
0.03629817408261461
0.9241964586546948
0.10973837337104092
1.0122036688108718
0.7789738700876583
0.5469925168185533
0.44100617054685587
0.951031676657935
0.12898463980592323
0.569126189994642
0.404038906855081
1.3909257562825772
0.10143969723970689
0.646077350959414
2.458886885342074
1.8251216353402449
0.07718128401571217
0.22644678023650922
1.2727049656077905
0.02694947858296341
0.931802909461935
0.2125683182901582
0.32620603730194964
2.700835006247777
1.0016319716404884
0.7712389457168916
1.12179251172448
1.8861752119441977
0.24351557002007507
1.5132671600653118
0.49228472783581345
3.8485729126739314
1.8599725066453363
0.1159163503573945
0.1448704404488411
0.329593959629591
0.6899580657713981
5.0918575573147775
0.6427243912916752
0.3138667701308381
0.1754860219605257
0.8094611205859399
1.219636413014584
0.14408274113250252
0.7002251321442428
1.5598648148987309
0.7715262168942953
0.6820291732771194
0.3288747709992839
0.7364722316647542
0.15971166330405556
0.9189901913173745
2.006977424940472
0.004701465819844981
0.003157919592131075
0.9160951106669579
2.833696976752182
1.1225356129186064
0.30845453281331603
0.972518886042287
0.21459135986799838
0.6259275947258502
1.1277944553266515
0.49388300822436576
0.30669309157688485
0.21817981418227392
0.9107899483901946
0.8369343025116629
0.9689235294794811
0.4557473626074596
0.49194170599121045
1.6012242931754002
2.8147529379887164
0.15442680950487778
0.3455546602917714
0.2742360047109932
1.0528647020740325
0.3774892343570027
0.531554906248177
0.07061643220571405
0.5603821095645445
0.30376235207330105
4.076015516202768
5.455673965379322
2.6561029494963115
0.3311646848009472
0.2606030456767776
0.1792499274214245
0.5112885634176811
2.3222825059937677
1.9592579195766888
2.079820918585288
1.8294038688514334
1.6971060794219208
0.045987031923433626
0.5290018081802977
0.7035924721830783
0.1551632501865871
0.42355536356610096
0.12859144689415836
0.594461610432698
0.5001394676955938
0.12849916981088752
0.07089511446513465
0.5276094724766519
1.009620275367066
1.866655350398406
1.732950587033395
1.1946295281250168
0.7717320706069134
1.2752314513442382
0.006267575795912304
0.5823517473644441
0.8943717450928375
1.5303954253877012
1.7251649974362941
2.025258380008939
1.5264151997677367
2.1798942012388065
1.779043459190019
0.46084938892780236
1.4081710748840015
0.7094227957089057
0.49118278242188873
2.313280146780264
0.568057837692849
0.12345535153425766
2.470616643196153
2.1100171931317555
0.05331276444293669
0.7235953066992172
0.027469600677572866
0.24141028159632372
0.24941721776904804
2.437264564394938
0.020761025385826932
0.6786764118873873
1.788114962089257
0.8802743222736281
0.3116238479398278
0.9061057437192276
0.10997702828687381
4.797104865956796
2.786029655433839
1.0455488877520733
2.1344215011846406
0.5545727013661855
1.1274211609009084
0.24373439595903212
1.521996446096402
0.02578926008380337
0.5349555064296474
0.7461669662316512
0.2274987750238515
1.479295718278968
0.5372636404011935
0.44228377620116255
1.6258278327386584
1.6286598374289714
0.3216240454455812
0.4959826661625773
1.715794674034008
1.1751146874591385
0.7771754769270444
0.7749824383209246
0.283713501544815
1.3227654910566666
0.6606878576545762
0.22656396489568323
6.245769661743565
0.11075223962148699
0.20993422230219658
1.7449746799524628
0.4799722656056896
1.1560725365442746
0.611577549799545
2.3610293203282113
1.4620706312510015
1.2045166884148317
0.8740399041746817
1.3062700828312008
0.7568906297615714
3.065953017882591
0.09813621911756616
0.3435255471741613
0.6625147452409411
2.1653659839881136
0.14537087449897926
0.25125986216076146
1.8818462088009815
1.6667982945277688
5.188441842811395
0.48647676853041155
