0.767028526076275
0.2114256289065971
0.1595754658989098
0.217243634559677
0.5369099867195369
0.5723338671974686
0.1761564349760928
0.2969431264745864
0.4811050907994102
0.7948731828630142
0.5308498955185029
0.6211806831249591
0.6098026114933023
0.3780891981188783
0.428658867680079
0.186139588899923
0.5289987981074561
0.05271044628885413
0.49502976770268403
0.4305321793474366
0.17875069781004527
0.9894731476361324
0.16926533961109824
0.629533844048792
0.9337519313534327
0.27571794205945044
0.1357914408602594
0.5921454647981198
0.8864284241614705
0.07926641878471397
0.440348363181729
0.37455633848602976
0.010669655422412161
0.35665673368947426
0.8062281527512165
0.540550903309086
0.6027887367857231
0.2938636950286764
0.7420487742701212
0.029157804737953485
0.4852646093916122
0.3807570794910541
0.4883526837418225
0.21453169600109767
0.6455111697210585
0.25083858866722475
0.9870957894328972
0.09734914772441972
0.3422208024859391
0.240205541242406
0.9421630112300753
0.8801879856049725
0.006978406505095736
0.11900602917546621
0.0662793609317256
0.0005882656669073949
0.19834417556965456
0.7618906457095219
0.6199715079058621
0.7534968287627645
0.8159372585394967
0.106844995870501
0.37359822545863863
0.11877660216399222
0.4008227894813332
0.8546506923050702
0.41054660270371524
0.6583897905858443
0.8986470350938269
0.5476476207524549
0.3113425070424001
0.9047783753640904
0.46308405718888845
0.26717508421910063
0.21299916437335376
0.6834331108033403
0.18972215136470727
0.07749346555191083
0.7650628517693062
0.02934614442386141
0.8939638517089142
0.5393510683918175
0.6324562820403536
0.7812287422404813
0.29692485440130734
0.15940400959675938
0.5486592867626742
0.7501481110514366
0.3059077859617818
0.3274342929773766
0.32474780565019123
0.5730058790725717
0.11334596289019605
0.3928138575622784
0.6070276703676054
0.8113350340425609
0.1139133615032385
0.361432401477794
0.2493713184108709
0.6625528015524929
0.5426333378181043
0.40682063458302875
0.4892364476541333
0.7854621951314722
0.34027790574288164
0.4629289783016768
0.9384309922248821
0.1490031694502415
0.27571152566365376
0.6904744889605725
0.1644258390593497
0.6535276151059188
0.5708886855923118
0.9669645148141154
0.5407564379474205
0.32799569041721266
0.23431860563450557
0.1827573393323001
0.9584226928399421
0.05412918083124629
0.6565129175851635
0.7263686872108622
0.08297667988690471
0.9828856625082041
0.6353054580270191
0.9156556081039101
0.43806524559004256
0.013686684460438525
0.7265017885197406
0.8787012237797491
0.17221172595624779
0.7980672252205798
0.4692539283283741
0.058458086896338024
0.3731112056377137
0.5879291017893499
0.7678869602207062
0.22671135188488933
0.22155470873556138
0.007418391474726227
0.4426337023148038
0.5670405246465805
0.6867534614346363
0.19138455484710148
0.2495389417456202
0.6019532917393253
0.8380828331931778
0.9258191104707839
0.13781888720181923
0.34616373791244026
0.8977723059951755
0.7173731093983653
0.056382683131993794
0.4482297933072499
0.7743389842277676
0.6048205504686911
0.5604350788523398
0.1830683195720879
0.13272219953810116
0.5238564938071332
0.8131316495299814
0.06281017653557963
0.7957273901976428
0.6335352472110442
0.6767106286769876
0.052927006492718864
0.023295999395034794
0.9488630977448347
0.05562466424110968
0.15358977058421786
0.33688470005195037
0.0707852246372862
0.40158175171873967
0.7297245310778526
0.7582202371589553
0.7600180746720568
0.09731362043816527
0.09805981385755858
0.037488334515005994
0.1702233013746367
0.6776720951785896
0.8386263289764347
0.8460840237329466
0.3612717955549648
0.11669434580770432
0.045115235654662134
0.7742798013034211
0.7124397045543123
0.7886472039811048
0.8835598277064242
0.7124568780425198
0.7085837879853514
0.6338826358870695
0.22133355884600303
0.4994722493275162
0.3311932522599921
0.28711002322535684
0.2793700434883537
0.3236101847366458
0.35788523245953097
0.9490167102861645
0.19787986767221788
0.3260220737219821
0.5573203883182672
0.945713761049566
0.7350439578351347
0.7698383076487818
0.5200163591954926
0.9603897320909693
0.10049952947005081
0.46204836072370437
0.21982220231535388
0.3802146105567311
0.59565526812829
0.011373447929780789
0.27260687374882053
0.5948988638684494
0.3485444596599353
0.44308191099493577
0.043687578375445346
0.09098771516210169
0.08955814652131144
0.760637199052388
0.45590874204401777
0.3665141311432729
0.11208017379155988
0.7502380171969647
0.6883876827215997
0.4118715391525458
0.3042904696763553
0.9509837052889701
0.13137362033860323
0.748218869099182
0.3557750057152036
0.0635088315662079
0.959057847844011
0.1471402463245195
0.46474168049487297
0.6191882478867016
0.566131801144056
0.8571521360218146
0.3101696938201307
0.14593309624665496
0.7097444010259986
0.5629209218148213
0.05122594930172841
0.9855640777788903
0.2907002354258933
0.12798411766188433
0.2388867030402987
0.5935557850426889
0.5576848507300051
0.24435177074942105
0.6508814625647541
0.8869230991533562
0.058056189362276966
0.9382162799413147
0.39932003730115717
0.6616609020823166
0.07700108362280333
0.8040183153150419
0.07150333444151746
0.2641334364492167
0.8782068536224712
0.413405460042934
0.3838239160121093
0.7423250952270328
0.6186423926280461
0.09324628090321374
0.49761891109959944
0.6538239909852465
0.7352239097844389
0.09497652050688699
0.973487742761941
0.5761061477283401
0.46320770915894127
0.009663043870108856
0.07491840650831605
0.5175649371380291
0.893806850461102
0.6934321029174224
0.9975225353938025
0.46988403207248675
0.8240012269076062
0.45070173778570444
0.6778516072255837
0.3816500224278123
0.6950042942573142
0.19955415397752785
0.645729556484659
0.32896877686137316
0.9956085144460335
0.31639634397408867
0.33152702717619775
0.6365995318916727
0.6367147408930623
0.1271776738945507
0.5108058640343935
0.8887475931338085
0.21074385839668852
0.8169152503910987
0.08790684897660428
0.3259828633867524
0.02708328600704457
0.8320637599911928
0.4086553286480126
0.06406581367506958
0.44873018673116793
0.09638059885841588
0.8092261643271218
0.11226605550641555
0.9336240757055461
0.32760270664020674
0.5191988931668213
0.01907473366802881
0.3316822238147893
0.10041658871788861
0.4263213882594201
0.8044029494812396
0.5642154873372693
0.8054474020021661
0.713963317951299
0.752339904376865
0.786257161469134
0.4678337184796302
0.799265218606897
0.7259438716783075
0.8732477397200454
0.5814403442129642
0.9962745304210643
0.5957642317551127
0.7391612307687049
0.8169287709520532
0.651478305106224
0.6770428131980709
0.9240947333496249
0.3515827121315058
0.741400094346837
0.11808929758141473
0.1824368536465958
0.39228934339296373
0.5901194638541131
0.09254591537730195
0.21243597790685853
0.960638999505159
0.2867197196124103
0.17675302756518418
0.8175118852300358
0.5410320355063688
0.4420632384534441
0.5493408546068033
0.08828144294320828
0.9934968394357827
0.11756143861743285
0.9757135575823409
0.37420114677301797
0.6235517604391188
0.8118127472722866
0.6880095679732094
0.5468440058403585
0.15395235762845227
0.5706077632843786
0.23373938721558862
0.36900687477781424
0.4614518501547322
0.5805234559554
0.6675899200504509
0.8029565376188676
0.9133282055057547
0.42269917134784885
0.6705534461293574
0.016579402500525586
0.5532935638990223
0.011102876375210013
0.9966929246912387
0.25123725083866055
0.01588186108956946
0.9616984096028951
0.7467692958569956
0.4892102821403155
0.018053105366747313
0.5276667329136036
0.9590604621159186
0.400824247231679
0.36981016718223225
0.9016804223236436
0.9074377175426953
0.8864565588778284
0.9798113617601193
0.3840870782478183
0.1773705403392144
0.3845857776400555
0.8853480552748192
0.649110499447953
0.5677404483555794
0.24571026571680143
0.8292073148149203
0.253445966093916
0.30199066313849754
0.8811488421355446
0.9821256444314668
0.03645718995862812
0.8615590903091848
0.698382885843501
0.11837734597177574
0.42485369628121716
0.6500079737964115
0.5482177621565363
0.3002678776102766
0.8356479066755284
0.11850401943307043
0.025793537422119206
0.5691991908691559
0.545062143100397
0.039870038110291106
0.3583105027831124
0.48345932268322744
0.5117115716352405
0.8239285927115381
0.8557400648695552
0.6492354247816647
0.1134515998223743
0.07435598039974589
0.03689837094438109
0.10184279032463928
0.1350164679959036
0.8494055703676082
0.5851083772599462
0.5647182112940706
0.020195336611073644
0.9118125638909009
0.48741091607910014
0.23138509143766106
0.20436667668333286
0.9360860130590289
0.2755102239907409
0.362720465968589
0.4769932900550219
0.057826103492084946
0.42806173011641035
0.3371929789602308
0.6327212877089907
0.41390735236161724
0.5597925853124612
0.6837588391067747
0.031298260364570285
0.11567329342302246
0.34908977336457514
0.7270193651588938
0.3539487088978831
0.40869509176522656
0.34044872960791384
0.9048257616453209
0.6801144576655106
0.13835299662631073
0.05781981835533245
0.9573075982259636
0.6592640153275527
0.8903322134207885
0.3788321608786994
0.9873118937389177
0.30101422470397643
0.1629729067823541
0.3510567927150535
0.6550573766283918
0.4103420705541939
0.126419652272595
0.14066732384415703
0.3291206231011613
0.9391715319238114
0.03273782249761659
0.9510020528877547
0.09216284426662125
0.9956169702122584
0.10503550619961244
0.25954892190172363
0.5305871737411394
0.47497221253426425
0.36002917183633265
0.07628618455344816
0.04787958301606188
0.26126669821531945
0.8759483207678521
0.1847750563195416
0.22156959486676975
0.05740229475773606
0.5166628709129478
0.9617439160162949
0.430955191779958
0.6403695001365446
0.9274329147802552
0.016559596085170436
0.8627912570971025
0.40903966711409645
0.8263612544197348
0.6826189256904998
0.9288812537852215
0.4351859047633807
0.37012286168452346
0.15913062718145943
0.4328324708530701
0.5890758516763682
0.2932732575899978
0.0635831579359939
0.6393528844205778
0.2928091014125088
0.9006696244538251
0.31620072118453
0.7549455313069631
0.012582559325174492
0.6926792871138855
0.6832192288907345
0.504122241069657
0.7019501332852884
0.42371741979711697
0.01675461544700685
0.5029278099741713
0.8331469358958091
0.23503460006847043
0.5093490269634954
0.9571180170338648
0.3509309579522789
0.1364549573763758
0.7321141163164738
0.5143171798941627
0.6531792943666986
0.18596934811129917
0.2756225157552751
0.11407327281759516
0.23132080718380077
0.27555909084795627
0.3356932511583177
0.4222016066883134
0.09819561388543951
0.07604259651393852
0.2096072455886262
0.09631526549284297
0.5699799890389845
0.2547790549330464
0.6958612693105032
0.4088621291848802
0.06123419498020155
0.9160894129208871
0.40830024629873807
0.36720164152677504
0.17694195962023895
0.7837429693492479
0.40695080365195346
0.5171027612579479
0.4429361836024329
0.0680573012972765
0.06657054571356369
0.06305457047359142
0.3255765349052522
0.6564830900633754
0.48954173113344335
0.6176360979788631
0.8788356512031622
0.33772052216178083
0.14508040604668393
0.6272571935194106
0.7031164285625119
0.2496387824079035
0.24139850489570414
0.7848464535765208
0.9934718018415757
0.8354833813924198
0.6072204099357198
0.13437798949475677
0.16731764149025707
0.08524069310228843
0.6116584939514361
0.3937190271851426
0.36355815267838654
0.9668227373039698
0.6195248331430174
0.4228951638789612
0.5530040826272632
0.6565254293781617
0.26042110833109566
0.18333530375912144
0.21069835551602056
0.1466041521930468
0.6728326751947333
0.5424983401812832
0.42339357174152514
0.4934697885120859
0.6588865841507744
0.2931627534602277
0.9757565770287898
0.5817718925825259
0.8320907881587285
0.913831262999636
0.679530350210535
0.20955384513135178
0.7223955993733289
0.7813604321783186
0.047054567968751515
0.7222890316387143
0.06315470837848802
0.6633814113209827
0.6842094999169728
0.34514664005806917
0.751772805958554
0.16724503295190474
0.26439573080918977
0.6262399801329115
0.2854213388345287
0.11016599000141303
0.6885118569408224
0.9822337814501948
0.5387161405152928
0.6187526627205868
0.5658427911290541
0.8319488526803409
0.8124812536216092
0.45220929385879494
0.8706915026811598
0.2495568487901233
0.07925427003962282
0.08845402010345904
0.6454016766702254
0.0026480332526545025
0.732384169953904
0.7128381587574011
0.9081734740758076
0.17228400015633638
0.9347759361103539
0.10003333539700421
0.7239267956049331
0.8839680834186696
0.13774974596869283
0.5096000750504834
0.15584122441313542
0.8509614273261427
0.2604869975211339
0.42090831403863493
0.28734804849496176
0.18157713275715393
0.31930061954888955
0.7556562351519016
0.8057866415108879
0.9443135634688772
0.027374802835648526
0.17317818834055942
0.6273545507042485
0.9756675047713793
0.9014709490739666
0.695787176029837
0.6893589937728215
0.9655365984102109
0.782807714205589
0.07363584087263864
0.7576195039868927
0.9959271826727909
0.2673369626518505
0.4089658250910001
0.8658088512489679
0.5194119785416538
0.19592776517760435
0.6938029261068114
0.46690136428533446
0.8381274310621392
0.9816107541864646
0.0794708755027631
0.6694331601248854
0.3855974044616649
0.38789126812758545
0.03573764964269199
0.7496520898858325
0.5092036444941028
0.2504314106566434
0.400957205607011
0.17935863585751521
0.7786162491364288
0.10089272211694889
0.07520489602371572
0.9083044131952961
0.07043205993663715
0.3730616010607133
0.9314717733419837
0.4649596846375137
0.6749861422279776
0.3532140351613958
0.4594558851074282
0.4734786883701412
0.4839202213770518
0.48818234298787133
0.10706499446621442
0.45829746927678827
0.2556203219079075
0.13588093861436046
0.41021859924397686
0.10945558571254455
0.015436304977008986
0.2548193672571445
0.5913452978524737
0.35289419179353465
0.9610296737824111
0.646559110322353
0.6860539997696224
0.8309888778996176
0.5996456176577425
0.08994714522026959
0.4375102623524906
0.7317663846585705
0.6248571277323646
0.4177055768229131
0.22180883650716077
0.8481766865677293
0.5100514734938991
0.35384618683969893
0.25316680871142794
0.03497030394515932
0.4651049663259619
0.8970661658206693
0.9258441568622634
0.9352071766007268
0.47042888323918763
0.24394239868495338
0.7510814145922521
0.5592625928581969
0.098612717689598
0.2868021518690469
0.9266457873824984
0.35199717373145023
0.940928535654617
0.8866910848263441
0.26408618347916424
0.12645173046018165
0.26745161182986876
0.3695387327440547
0.4082639441250804
0.5618381991346915
0.765667913923073
0.4325118101769999
0.5456855395697485
0.8162985774287357
0.9447878090960456
0.0028350936514962566
0.17265986134810252
0.6361096274656044
0.7455480781143607
0.36166060285395474
0.016871507455912704
0.3615308500816793
0.34157288105386563
0.7989913170119757
0.38260367469852474
0.41956537501338576
0.1782571490702315
0.009569396271340791
0.8055914539699892
0.34445525261898935
0.9528550521555036
0.3344024832512278
0.4744390789776485
0.2028166346584892
0.5802673948488406
0.0664667187281276
0.39574011622829564
0.828716819673709
0.4582147714684215
0.7691917299525688
0.191454458055907
0.14656707683939907
0.20945275576569822
0.7500494631007917
0.327017435239107
0.45493452090615927
0.03799967224611056
0.9053438081536554
0.32899251975646715
0.9705917957058849
0.01673269155983348
0.17901954223163286
0.4220737777255569
0.3913453384091996
0.37346569846669864
0.8330390263348553
0.9847980927925942
0.45808224499509165
0.6232937104355847
0.7661691538290618
0.7467274340112496
0.7916352135469642
0.03074104849058168
0.08666463875463604
0.22139239928101695
0.5041966693823889
0.7037630165660502
0.6089239141875552
0.0972729368781673
0.6809613471475305
0.567988291674165
0.38315285173436175
0.3088129861227298
0.8425693483955775
0.46164960606933236
0.21647176810549362
0.16775392240339004
0.05502661047786728
0.6898970614855998
0.34506973151263076
0.47242381704878245
0.2785077512421157
0.6553360336716118
0.964352705626314
0.39685017651517207
0.8960685400233745
0.3634172452687984
0.4588766368455982
0.5786875890920249
0.6433887365003623
0.38634223751238217
0.8789874668599735
0.5660198164508133
0.6676181458411714
0.24884482830248578
0.9035356633939607
0.5240976007881647
0.08553010281117357
0.1611980355593513
0.9257220197889803
0.7973617765889727
0.2800730083740277
0.9734104183557782
0.3938430066137063
0.8085050787500413
0.7216564839581214
0.06714941913923966
0.36727956198238365
0.4624397754660696
0.3256954581371786
0.15165073291156395
0.7838672711081104
0.22018940745192095
0.6112283073407987
0.021310126159786003
0.15567691038967124
0.8905497143471819
0.8651343722710853
0.719215704763007
0.5015971027126088
0.006146591629890508
0.5258578282423069
0.7306163615976835
0.8390491253532902
0.4450978556800056
0.29533752828682436
0.8658161064902037
0.4964735190608077
0.2101644803870364
0.4623069489268248
0.5055900210067489
0.7197331425660003
0.4788000352557521
0.8523895287169828
0.3989216723284419
0.13439427816983318
0.9953095687708925
0.9968470613913828
0.4000782561369093
0.05879508730796912
0.32545352335546096
0.7345813507873052
0.378129372721296
0.8068710927279493
0.534765153047784
0.32374650696410656
0.6102521733999096
0.7358764129231739
0.8039808615069919
0.40220637622905564
0.4330360480870904
0.3794913295361645
0.6339739824022038
0.6114380079661478
0.20164948871452426
0.059919520748841215
0.8569062072365753
0.7078276406810696
0.7601526544821086
0.34893671623056177
0.6855805822603588
0.5876904553096016
0.9318192394400959
0.5709908410973192
0.7380362383932594
0.016974967566485977
0.004271996633430031
0.07022134533999924
0.7180869013039842
0.7705867466518824
0.8358969597165268
0.5997223004930018
0.09804953135604666
0.14096298799145834
0.12495258688110833
0.16050922380851396
0.18321296136754373
0.95505434732831
0.5891928036808614
0.49480453549648995
0.8562753789574715
0.6547149273098685
0.879333146456403
0.5518596013522353
0.6064460741778283
0.8794142924982838
0.9315595941300284
0.590013729227111
0.36435730875168515
0.15464001448724118
0.17676208784598368
0.30281611825914867
0.46221179111964905
0.27936630103213334
0.9937520244871347
0.5585831741637703
0.408864389026262
0.21645006054246874
0.1781436561013111
0.1319597430230376
0.21731329741801653
0.11305349092703565
0.16879953371263212
0.630747667827107
0.24459021151056737
0.4919280585164598
0.6119022188095667
0.09893619349547
0.5666248481605415
0.8838611034053058
0.08453271640210569
0.12123588199097013
0.9480834393171899
0.48500537448231495
0.9729042577341406
0.7855192761631176
0.779254786608978
0.08739960075121889
0.9794530010069784
0.507287988557665
0.16727519273838054
0.4146691430955288
0.7322569163788267
0.40409481267371883
0.8958547143776604
0.008253607793228701
0.06166556205007523
0.35149883301467666
0.11831301452182619
0.5743176139050615
0.3238673822901491
0.783695759382784
0.21827567603994613
0.9745404425411508
0.5856953492422851
0.474180624166175
0.7965233972190576
0.22779806591561236
0.5843450448509181
0.6425672642832061
0.19674873272670013
0.19619232763559447
0.7249706951366384
0.6089721968064653
0.17982076502630728
0.308783564054809
0.45970261994943173
0.4607118718019604
0.7529823420840267
0.26639756225381417
0.5164959365905876
0.7972683434955142
0.0019386379080694738
0.8951605067624796
0.8106375660893809
0.17464941104221698
0.6188005536267072
0.31471980732756655
0.5424943817732196
0.09432308454314386
0.23175589655635198
0.29983687913677337
0.41726243935320617
0.270828342087597
0.46912283816691536
0.04660940109866907
0.9065254092516563
0.709265361187258
0.5155532179583007
0.11470794564269027
0.8647015378848214
0.7778202192513686
0.15230865245142178
0.1888507431820935
0.005580695644917144
0.6147886255596434
