0.02210260721260244
0.12949016489248322
0.15293652735173682
0.12722798461136856
0.05182706841830832
0.046502731163989966
0.14469857030271221
0.10118455432234925
0.060972462395839096
0.01913105795529358
0.05277299836181841
0.03967777368793608
0.04121833015803999
0.08105209477837791
0.07059115471754485
0.14010486739834394
0.053064093261250694
0.24524513510652307
0.05859478178737424
0.07022776742778072
0.1434802661319349
0.000881887634443013
0.14802397820328006
0.03856463863010126
0.005712039512782118
0.10736474040591087
0.16638625778187088
0.04366691305977968
0.010046241377840331
0.21124505921573125
0.06834909423519417
0.08183442089954161
0.37836262568724216
0.08591512417090519
0.0179490423835106
0.05126387234601566
0.042182374769357614
0.10205327012508067
0.02486169203811884
0.2945860548342117
0.06025507920402749
0.08046614115315728
0.05972645179785578
0.12827481538546956
0.036476063738508535
0.1152454683124545
0.0010823494300540176
0.19412094182992592
0.08935826074494914
0.11885502502639378
0.004964747613492724
0.010634981193144906
0.41374455688915673
0.1773817601511667
0.2261563940348058
0.6198609914695593
0.13481262473841954
0.02266268693012755
0.03984014641579231
0.023585872466689185
0.01695148466823988
0.18636467762776224
0.08204786020681452
0.1775425702443858
0.07618632257038194
0.013088536711254853
0.07418881915412359
0.03482984467834195
0.008905411756555175
0.050176935557430864
0.09723847199838065
0.008338771197741294
0.06415389103082086
0.10998759077920736
0.12887225303418348
0.031718874197274774
0.13851621986281618
0.21313013846973322
0.02231644077957648
0.2940495088994499
0.009340828246348836
0.05144904893957444
0.0381786816727583
0.020573940686158882
0.10118968230642239
0.15302611321949866
0.05002313642654184
0.023957050878895887
0.09870596462598237
0.09303898968052471
0.093725531708129
0.04640494184653969
0.18144254324852288
0.07786828534981186
0.041598408626043415
0.01742284982620574
0.18102642552814321
0.08480668744982486
0.11573435455930543
0.03430458532008995
0.05094345331424625
0.07494857432892388
0.05957578111138793
0.020123579238151543
0.08983271878372762
0.06418180260490565
0.005295496293386085
0.1586489751487318
0.10736667972791321
0.03086468771366075
0.15044130306803422
0.03544754079760974
0.04671341956282688
0.002799456696774946
0.05123219238587732
0.09289623413801858
0.12092279393079743
0.1416330017211332
0.0035388645052720604
0.24303182097061118
0.035067742415779674
0.026641463286451603
0.20743297299013969
0.0014385400370177485
0.03780411329060637
0.00734291322412675
0.06878228476376365
0.35761098799829627
0.026626194512040978
0.010775861980423487
0.14658588286023727
0.01879687024578708
0.06305093600385829
0.23662043706977354
0.0821565637778203
0.04426240946178858
0.022009395323348977
0.12367313735342775
0.1255904773300267
0.4086494189737879
0.06791772567075519
0.04727704214738041
0.03131499280890974
0.1377892082415025
0.11567835806907359
0.042297952096361564
0.014719861424370997
0.006423034040186505
0.1651512389476903
0.08840361540850501
0.008986566635761896
0.027679933166756376
0.23963276702419237
0.06687077054851205
0.02131212809601155
0.04190195631204416
0.04825348919850722
0.14149132206803136
0.16829142170556433
0.05387812491247751
0.017238521000206567
0.23063651432427007
0.01904155220180488
0.03803663682661723
0.03254262743638463
0.244903462556467
0.3132894694113743
0.00437422918897667
0.2407607145524027
0.15612250485377438
0.09066787862634404
0.22067541596877763
0.07602867921536327
0.02625734756198083
0.023065115433309333
0.02286775529344382
0.19415135963656338
0.1935148034176104
0.2736437895000756
0.147553680530807
0.032424311955073865
0.014665837365959992
0.0139280504562027
0.08484372563827791
0.17901643262714523
0.2582112725106491
0.021318497527159724
0.02825499963393123
0.019786350114818847
0.010316356067735321
0.028252990893037552
0.028707247145778138
0.03799095488154379
0.12567369994098232
0.057850269944895005
0.09208776919080935
0.10399081504156767
0.1062681712666997
0.09401796842207258
0.08562857697500675
0.0043607393514383756
0.13500793011252282
0.09339918242533969
0.04871791674808479
0.0046512778239980075
0.025652081248269
0.021797898020993807
0.05449125065918226
0.003368008831338589
0.1914668527820007
0.06434047637395889
0.12624468588917484
0.08058495175485403
0.04317443237005256
0.37303948076568716
0.10831037871039131
0.043280322047988665
0.08783245688095473
0.06783338544693779
0.2608909554156756
0.1997525649830858
0.20107226523756866
0.02279989809779502
0.06545521804935855
0.08364318344926393
0.18237840219598372
0.023947063878000698
0.031116925618589433
0.0739203147021
0.09914771178431132
0.004188195906237011
0.16914249596203518
0.024171644838400258
0.08612139619569316
0.22971469191428212
0.0034836570760593518
0.15969742419973174
0.0638561294644913
0.03994549469982281
0.047410696972958605
0.012844987877255696
0.09755297765429817
0.16038391726549997
0.02857086435972861
0.047884676607993094
0.24762575441902784
0.0012117611604873053
0.10295522179658673
0.1713207586273086
0.119313823775198
0.0434686730014386
0.048663438315763814
0.11742886737645303
0.035785644875589134
0.009999749843006174
0.23719532960783507
0.005314565076999005
0.07649934042518534
0.034416840565422394
0.2136613153503381
0.01817776915167059
0.21983426623532326
0.11094173853605234
0.010822759726211904
0.07361053534755531
0.07979761530111265
0.024830666503179874
0.04001899092730497
0.1977092586940849
0.058160061138161925
0.0354097575566637
0.025631682249990524
0.1961771308739923
0.002239170428831124
0.04595527925115933
0.06413164246665717
0.3866205483305063
0.2159463059062851
0.05488502327687858
0.009355464840779476
0.03050849574749137
0.0002067115499854009
0.0629391129162272
0.01613193834235269
0.06641245779539903
0.03240224028298075
0.08027093849768885
0.03031977122074425
0.13430580258156566
0.03644787550563935
0.0926493696564396
0.00036676303750872403
0.0958966331859143
0.09200382856136032
0.0376345416216745
0.03761946168367772
0.17184751359820238
0.05598047289924938
0.009828500501330582
0.12975931868146015
0.016851660182847963
0.2026231299586556
0.09340920544128259
0.3007365411561772
0.015320517207700899
0.07457359962226258
0.22898703211062604
0.06677779102379038
0.19495419618965937
0.01763973671987087
0.1822403107602798
0.005723450859292151
0.09299613875082166
0.05462235378329773
0.3299492220222241
0.09196482713478882
0.1915356549249229
0.07104681538500737
0.018137912867131595
0.04769325255893388
0.018029781422231543
0.028076974448388622
0.02371392138771683
0.02003928021851266
0.06330352904944113
0.018671870842817018
0.026690214906992984
0.011294665304362
0.04518724181447276
0.0003110355353705465
0.043159189540366724
0.025186600631936885
0.016850280965005647
0.035709265240449366
0.03250173070715325
0.006578390610471033
0.08710919029306194
0.024934571750878355
0.1780261817958148
0.14177926443749017
0.07797963254737621
0.04395252345585322
0.19833753126362144
0.1290928847041706
0.00334638262211982
0.10410417725919627
0.14441682043920762
0.016790819817393547
0.05118973221125698
0.06802519447619862
0.04991968046966343
0.20226877938769372
0.0005436998531348221
0.17839951668354262
0.0020488518106817136
0.08191348337897089
0.0393602917805692
0.017373797685152195
0.031162711183974127
0.05029930820926013
0.1559260075400889
0.04675443623497408
0.12112904284419229
0.08307833369008139
0.06444813032012726
0.0453187560159383
0.033673432174539
0.01828789095898527
0.007554998557804113
0.07175787764918258
0.03330432238171123
0.341632847273925
0.04932221344618785
0.3750459226109314
0.00027604631404233885
0.11511313031891848
0.3452148027461688
0.0032545317500191633
0.024333248536503697
0.059580238092885124
0.3345364638768151
0.053274198518524954
0.0034834299201105647
0.07618601949636078
0.08289712222289028
0.008624593389519094
0.008094195500440009
0.01004359646887092
0.0016996011537992036
0.07974049881930287
0.14412619053112757
0.07963236884385505
0.010147869041100842
0.03601269297333208
0.04717424348484718
0.11696685156822192
0.015607089743892955
0.11438371918118329
0.09977993157042853
0.010544060042539702
0.0015030026105028289
0.2759680487165842
0.012417636278189025
0.029915648296914666
0.17782315912807417
0.07133420111395813
0.035897554065716944
0.05009022456408949
0.1002566897815873
0.014962326572977984
0.17773403330964826
0.30480260882888016
0.046960402857530545
0.05057128889847613
0.2685108468104579
0.08552961185680505
0.06056567488192145
0.0558328457771881
0.016139284346538316
0.012982384290897066
0.03599665650059576
0.18136491385768785
0.2165742644614535
0.27496565639657927
0.19036041050045294
0.16686321023570416
0.013601541926802888
0.04466318238628612
0.04761903444340286
0.32519196350544843
0.007693402673317246
0.05988731179087811
0.12197265783049628
0.13231995532236634
0.005503992702727719
0.1074275450336297
0.08451023396440027
0.06168773793027838
0.23752624897851496
0.07070732204636901
0.09059165622167378
0.03814377146478314
0.07350942639724288
0.0483490789360341
0.03167916649448796
0.2886827301989435
0.17974879145856748
0.0877021799655629
0.026566847060082804
0.08655027220541035
0.07456549148890626
0.08979089488072287
0.008334406865576762
0.03212451457332363
0.16482890943620887
0.23753530699609463
0.003635876659950398
0.03471926620595147
0.00968005103322261
0.08088850160594022
0.0010641073087395815
0.10004981309976226
0.15118094233749768
0.08723393883315925
0.03525270410645133
0.07423034572575601
0.17234569437620842
0.16344646514560454
0.09261091332044341
0.005229761779309084
0.2849353515151192
0.0041865881480728315
0.19868318502023
0.00036605528523170675
0.18778806930865533
0.11240083920320754
0.05281425089110745
0.06204158138221234
0.08513085149468883
0.2144386187114956
0.2532555089390008
0.11185113009433607
0.011037348695269948
0.1407180087925479
0.12558487840022567
0.23813924984149654
0.055030392032003494
0.0032505886100904526
0.0701459298058771
0.03714249377199787
0.006277901349526055
0.34173246010955094
0.012298541474408824
0.07449526183609147
0.015893603921125182
0.03181820975056971
0.006147864156883471
0.06933183099305798
0.08282668915469203
0.15316915495439914
0.06978371076564133
0.04410002693223154
0.10222087373529937
0.2296172213360147
0.03727489435383354
0.10235286777658043
0.008718063761492466
0.09594817278528137
0.02342580635832505
0.3646203003691022
0.03059901467246991
0.03174495763099817
0.05707804154286683
0.02949107605713229
0.07155737572315381
0.3407567924660583
0.05727571984335461
0.015212104894866497
0.120668545111831
0.056218482191446706
0.0036523812789866364
0.08726381465459222
0.16598005845033426
0.02598490671368617
0.05540959352811013
0.035491968096104054
0.1401811178291402
0.10739358716286948
0.18090952442042624
0.12199581301916126
0.1074127656292887
0.09096312324886521
0.07185602817170342
0.19339947747807973
0.21470513460497892
0.1302099798737255
0.1950107043805126
0.04684616880991288
0.1139465467210426
0.030217080351585466
0.07453143935210622
0.2327541253329342
0.007303442226061338
0.07464603978558021
0.08348701248808107
0.14432779266109869
0.02030617980020978
0.07492191469946714
0.054959471641884625
0.06786079786562041
0.22395043854278254
0.22579108798443032
0.23031289412750636
0.09351314289125265
0.03507152860675303
0.0595237973395409
0.040154652764971877
0.01076311427030062
0.0904613819203224
0.1608722638161289
0.03886655212136263
0.02935273201271072
0.11564502302666829
0.118442180317544
0.02018893173928941
0.0005458000032234392
0.014978735146500883
0.04157195335537569
0.16725821941206986
0.148988435692533
0.20518969504990428
0.04096509738651151
0.07767647942111168
0.08431800124549717
0.0028116760270248038
0.039900207744385734
0.07171924751523276
0.04936582456646741
0.035066154268077875
0.11212127589613999
0.14136987847537175
0.12977731358852873
0.1600015972207772
0.03302155045980419
0.05096418776215621
0.07162109190568547
0.05885780340025366
0.03476698852074142
0.10225227930186183
0.0020451777048804093
0.04513973710179689
0.01531781031091977
0.007509111529763823
0.032196115073631515
0.13023121294248496
0.027098530714484752
0.02055989456105821
0.2547039441769629
0.027110824947255963
0.23018065619325861
0.034200431098320494
0.03162426015228136
0.08864882571747186
0.023776760034635358
0.14902460656326416
0.11085902648729673
0.03900180220823554
0.10448240071404735
0.18381392088110976
0.031101894962638328
0.001493827692595538
0.05154720731422395
0.04000413847680746
0.04745324946239528
0.015332026266201964
0.017305203125844142
0.06613418056741754
0.011538962698010281
0.11567237824020095
0.21125783225417505
0.20210603406942124
0.03649020012416795
0.49449484027810336
0.025954173362542094
0.028208405887344933
0.008026655657035961
0.1465509166784288
0.005620701577959512
0.19185431621450777
0.0269220835626164
0.010277860143858068
0.16519305625818617
0.05617741895423959
0.1549097985215257
0.013449039810607043
0.11210019438174573
0.07211168753320657
0.10392175711986597
0.14217289514036946
0.09513518657737675
0.023347393468711928
0.017994690356980418
0.004774750274958926
0.2998443577685123
0.1461195186793891
0.03885361887920204
0.0020527851626256774
0.00864395516301762
0.03022595391456328
0.030999425642152648
0.0029226059715669124
0.020405682406433957
0.21738528361664047
0.023131166083564553
0.0003400944863718535
0.10993711532262142
0.07451030697209617
0.012007593401977693
0.05458815981267366
0.13583410272443716
0.030463943912310488
0.06346977125016205
0.0147154270295218
0.0015467024893972888
0.21103038919334074
0.033443662862212765
0.07941345395302353
0.07891918461809186
0.27762921117240213
0.024012171685807243
0.056242271252541894
0.11538085047532255
0.07615838137958136
0.1431973271082287
0.020853081194912627
0.19114145699063184
0.2156282452872787
0.008014641645320137
0.2210922268877144
0.08216764355644267
0.005915782647500653
0.06381704807147408
0.03275525986274808
0.08672342282431557
0.06480936234086138
0.062304031340909144
0.06048626814311381
0.05975552410470539
0.1861932670008485
0.06501973412181832
0.11367183774644098
0.16633135233686897
0.07425542437333879
0.18435303516155332
0.34758608983220496
0.11393336237744092
0.04377959765533136
0.08679891724512495
0.003312499371929933
0.03634088780583898
0.03139991145741024
0.0154282390176585
0.04261803629149764
0.200711088041326
0.06888792638782348
0.026024496883354176
0.039186020917159614
0.07274820469202313
0.12549494707343994
0.013722192340994182
0.05610363582810715
0.08657441339365536
0.11447555704520376
0.2794380030289395
0.06379101373621231
0.009052138015585035
0.006420779635374457
0.0055822662488660465
0.06284254023657167
0.11756859604344808
0.023853435404034097
0.0484280134551161
0.19304625358649755
0.10408022227122249
0.0063486577350854
0.0870110110490242
0.005074007282284167
0.010021552247989106
0.11095664804477301
0.1723245517519673
0.10990138494702835
0.08295830994504225
0.07465344932221092
0.0480451143696433
0.022250561331794615
0.06984547051794968
0.050476033667113104
0.016914590602731833
0.00473290977837692
0.48880669235921276
0.1463693116007796
0.03769869668892652
0.024469637979810836
0.08475408900988934
0.3401774191016181
0.0847839918277257
0.0895161840195611
0.018700433382840956
0.08006296812317776
0.07237799374156278
0.14371067612551036
0.3874320967542981
0.018014878826134107
0.08881592398051304
0.004024373605819957
0.09128416431738745
0.062135171592170094
0.13295441547381082
0.04535552133998948
0.22592116057092385
0.07724979627660472
0.015656397906363348
0.065034772620472
0.02186791806808586
0.13775877629873354
0.16002267441058632
0.13027142287688637
0.023968010318781985
0.09314514922768763
0.06563348170696595
0.27251481203294176
0.00828670907608779
0.09264335539814751
0.0024874412377813657
0.3408659078905048
0.1433550253851738
0.07188126262444501
0.07818040753056818
0.08207742639454535
0.015222898964231187
0.001276553396514105
0.06505887806369853
0.039394785497345694
0.02219602551393796
0.02433792010635269
0.019471215185603248
0.29017970275887744
0.20380911132445403
0.12565154912952275
0.057065739166423615
0.02927613364089074
0.04133849622749729
0.19418620579204973
0.03202081111704311
0.04713787281026259
0.0799434398938966
0.09791828401745753
0.01427494229228492
0.06441242533950783
0.12752459511690797
0.14877142674743288
0.24166153199048607
0.03093440656441348
0.08866739683732272
0.062489898233924174
0.1065257823244974
0.03521726219956164
0.003024847840217884
0.0770163715545579
0.009144864447586743
0.08435030573423931
0.06491448917397152
0.04558270973487944
0.03675051421223799
0.07925263972149457
0.010748719983826935
0.0474271824995535
0.03366990890459008
0.11591047969021476
0.008453308103308906
0.05383977924661783
0.20490724044517283
0.15209346961168707
0.006431773667976014
0.0188705650197091
0.10605874713398253
0.0022457898819136174
0.07765024245516125
0.01771402652417985
0.027183836441829135
0.2250695838539814
0.0834693309700407
0.06426991214307429
0.09348270931037334
0.15718126766201646
0.02029296416833959
0.1261055966721093
0.04102372731965112
0.32071440938949425
0.15499770888711134
0.009659695863116208
0.01207253670407009
0.027466163302465915
0.05749650548094984
0.42432146310956476
0.05356036594097294
0.02615556417756984
0.014623835163377142
0.06745509338216166
0.10163636775121533
0.012006895094375209
0.05835209434535356
0.12998873457489424
0.06429385140785794
0.05683576443975995
0.027406230916606992
0.06137268597206284
0.013309305275337963
0.07658251594311453
0.16724811874503934
0.0003917888183204151
0.0002631599660109229
0.0763412592222465
0.2361414147293485
0.09354463440988386
0.02570454440110967
0.0810432405035239
0.017882613322333197
0.05216063289382085
0.09398287127722095
0.041156917352030475
0.02555775763140707
0.01818165118185616
0.07589916236584954
0.06974452520930524
0.08074362745662342
0.037978946883954964
0.0409951421659342
0.13343535776461668
0.23456274483239303
0.012868900792073147
0.02879622169098095
0.022853000392582763
0.08773872517283604
0.03145743619641689
0.04429624218734808
0.005884702683809504
0.04669850913037871
0.025313529339441754
0.33966795968356395
0.4546394971149435
0.22134191245802595
0.027597057066745596
0.0217169204730648
0.014937493951785376
0.04260738028480676
0.1935235421661473
0.1632714932980574
0.17331840988210734
0.1524503224042861
0.1414255066184934
0.003832252660286135
0.04408348401502481
0.058632706015256525
0.012930270848882259
0.035296280297175076
0.01071595390784653
0.04953846753605816
0.04167828897463281
0.010708264150907292
0.005907926205427887
0.04396745603972099
0.0841350229472555
0.1555546125332005
0.14441254891944957
0.09955246067708473
0.06431100588390945
0.10626928761201984
0.0005222979829926919
0.048529312280370336
0.07453097875773645
0.12753295211564175
0.14376374978635784
0.16877153166741157
0.12720126664731138
0.18165785010323388
0.14825362159916824
0.03840411574398353
0.11734758957366678
0.05911856630907547
0.04093189853515739
0.19277334556502201
0.047338153141070746
0.010287945961188137
0.20588472026634608
0.17583476609431295
0.004442730370244724
0.060299608891601436
0.002289133389797739
0.02011752346636031
0.020784768147420668
0.20310538036624484
0.001730085448818911
0.05655636765728227
0.14900958017410473
0.07335619352280234
0.025968653994985647
0.0755088119766023
0.009164752357239483
0.399758738829733
0.2321691379528199
0.08712907397933944
0.17786845843205337
0.04621439178051546
0.09395176340840902
0.020311199663252677
0.12683303717470015
0.002149105006983614
0.04457962553580395
0.062180580519304265
0.018958231251987624
0.123274643189914
0.044771970033432786
0.03685698135009688
0.13548565272822152
0.13572165311908094
0.026802003787131767
0.04133188884688144
0.142982889502834
0.0979262239549282
0.0647646230772537
0.06458186986007705
0.023642791795401248
0.11023045758805555
0.05505732147121468
0.0188803304079736
0.520480805145297
0.009229353301790581
0.017494518525183047
0.14541455666270522
0.039997688800474135
0.09633937804535621
0.05096479581662875
0.19675244336068426
0.12183921927091679
0.10037639070123597
0.07283665868122347
0.1088558402359334
0.06307421914679762
0.25549608482354924
0.008178018259797179
0.028627128931180107
0.055209562103411755
0.18044716533234278
0.012114239541581605
0.02093832184673012
0.1568205174000818
0.13889985787731407
0.4323701535676162
0.040539730710867625
